4,227,4
4,228,5
4,270,5
4,479,8
4,596,2
4,822,2
4,833,13
4,1157,4
4,1159,4
4,1162,4
4,1255,2
5,6,26
5,7,6
5,12,2
5,19,3
5,14,4
5,25,20
5,112,4
5,131,1
5,243,2
5,245,11
5,290,2
5,293,2
5,351,9
5,582,2
5,602,3
5,705,4
5,706,4
5,707,2
5,721,53
5,1286,6
5,1288,3
5,1289,2
5,1308,1
5,1310,2
6,25,2
6,478,4
6,479,2
6,721,5
6,1288,1
6,1289,5
7,6,9
7,721,3
8,434,7
8,1003,8
8,1004,8
9,5,5
9,6,1
9,25,5
9,112,5
9,131,6
9,243,4
9,245,3
9,707,3
9,721,1
12,11,9
22,23,4
22,24,1
24,23,1
15,25,8
25,1308,2
25,1310,3
26,25,30
27,1308,1
27,1310,2
28,27,1
28,286,7
28,415,2
29,270,5
29,347,6
29,479,2
29,848,8
29,899,2
29,816,3
29,980,2
29,1159,12
29,1205,2
29,1218,9
29,1163,9
30,25,4
30,186,2
35,31,3
35,32,2
35,33,3
36,31,3
36,33,3
36,34,2
31,32,3
31,33,4
31,34,3
32,33,1
34,33,1
37,980,3
37,1159,6
37,1161,2
37,1205,2
37,1218,4
37,1176,3
37,1177,6
37,993,2
37,994,15
37,995,2
37,1255,3
37,1256,2
37,1257,2
39,40,20
39,990,2
39,1159,3
39,1161,4
39,1165,5
39,1176,2
39,994,13
39,995,2
38,136,2
38,64,15
38,65,14
38,428,5
38,429,7
38,980,3
38,1074,10
38,1075,10
38,1076,10
38,1159,19
38,1161,2
38,1187,4
38,1188,4
38,1189,4
38,1190,4
38,1191,4
38,1203,4
38,1217,4
38,1218,4
38,1163,23
38,1176,3
38,1177,6
38,993,2
38,994,11
38,995,2
38,997,2
38,1253,5
38,1255,8
38,1257,3
41,341,2
41,342,2
42,341,2
42,342,2
43,270,4
43,341,2
43,342,7
43,1075,11
43,1076,11
43,1308,1
43,1310,2
44,342,2
45,44,1
45,341,2
46,270,4
46,341,2
46,342,7
46,1075,11
46,1076,11
46,1308,1
46,1310,2
47,44,1
47,341,2
49,344,2
50,344,2
51,344,2
52,344,2
53,344,2
48,270,4
48,344,2
48,816,4
54,345,2
54,479,3
54,901,4
54,1159,4
54,1161,2
54,1205,2
54,1177,2
55,270,4
55,345,6
55,479,3
55,901,3
55,1154,6
55,1159,7
55,1161,2
55,1177,2
57,136,78
58,136,30
59,57,28
60,58,19
61,136,25
61,64,12
61,65,12
61,320,2
61,429,9
61,980,18
61,1074,5
61,1075,5
61,1076,5
61,1159,5
61,1160,6
61,1205,3
61,1206,8
62,321,2
63,136,4
63,57,3
63,58,3
64,136,31
64,57,26
64,63,2
64,1074,7
64,1075,7
64,1076,7
65,136,2
65,58,25
65,60,1
65,63,3
65,1074,5
65,1075,5
65,1076,5
66,31,12
66,32,3
66,33,9
66,34,4
67,37,3
67,980,3
67,990,2
67,1159,3
67,1162,6
67,993,3
67,998,2
68,21,7
68,79,4
68,980,14
68,985,12
68,1084,2
68,1094,29
68,1099,3
68,1103,2
68,1154,5
68,1157,11
68,1159,39
68,1205,2
68,1163,3
68,1176,9
68,1177,11
68,993,2
68,994,41
68,995,2
68,997,2
68,1251,11
68,1254,7
68,1255,26
70,72,1
70,73,4
70,723,2
71,72,3
71,73,11
71,725,2
73,72,3
73,726,5
74,68,23
74,75,1
74,980,2
74,121,22
74,132,2
74,133,3
74,488,14
74,144,3
74,155,4
74,392,4
74,393,5
74,475,2
74,482,7
74,639,3
74,694,5
74,980,4
74,990,2
74,993,2
74,994,2
75,68,33
75,69,5
75,277,6
75,351,2
75,392,14
75,393,7
75,479,2
75,639,5
75,695,2
75,980,3
75,985,6
75,987,2
75,1074,3
75,1075,3
75,1076,3
75,1099,2
75,1163,16
75,994,5
75,1308,2
75,1310,3
76,25,4
76,68,2
76,286,3
76,419,2
76,1308,1
76,1310,2
77,286,1
77,419,2
77,1308,2
77,1310,3
78,1078,9
78,1084,3
78,1088,15
78,1090,5
78,1091,4
78,1092,6
78,1101,5
78,1159,2
78,1163,2
79,68,14
79,78,4
79,1078,7
79,1084,2
79,1090,5
79,1091,2
79,1096,14
79,1101,2
79,1103,2
79,1159,2
79,1176,4
79,1177,3
81,82,2
81,922,5
82,25,5
83,68,69
83,78,6
83,980,20
83,1074,15
83,1075,15
83,1076,15
83,1092,15
83,1176,4
83,1177,13
83,994,9
84,68,25
84,78,73
84,79,20
84,1074,11
84,1075,11
84,1076,11
84,1084,13
84,1092,51
84,1095,7
84,1101,10
84,1103,4
84,1159,7
84,1176,2
84,1177,5
84,994,4
84,997,13
84,1255,11
84,1257,13
86,90,6
88,25,13
88,1309,7
88,1310,2
89,6,4
89,7,5
89,14,4
89,25,6
89,85,7
89,87,29
89,243,3
89,245,8
89,371,1
89,372,5
89,705,3
89,706,2
89,707,2
89,721,10
90,85,16
90,89,38
91,1309,6
91,1310,2
92,25,4
92,85,10
92,89,63
92,90,12
92,372,2
93,102,2
94,101,2
95,25,2
95,96,2
95,100,6
95,103,2
95,121,5
95,1288,1
95,1289,3
95,1290,2
95,1291,3
96,93,4
96,98,4
96,99,14
96,104,24
96,105,18
96,112,7
96,488,9
96,135,4
96,160,6
96,1290,3
97,95,2
98,95,2
99,93,5
100,101,2
100,1286,5
100,1288,1
100,1290,3
101,93,11
101,112,6
101,131,3
101,980,3
101,990,3
101,1094,3
101,1159,6
101,1162,4
101,1176,4
101,1177,5
101,993,2
101,1286,3
101,1288,2
101,1290,4
102,104,3
102,460,1
102,980,12
103,101,2
103,1286,5
103,1288,2
103,1290,3
104,460,3
105,96,1
107,25,4
107,93,1
107,98,4
107,99,3
107,275,2
107,710,2
111,126,11
113,114,12
113,127,7
113,129,12
114,115,7
116,133,12
485,126,11
485,133,12
126,129,78
128,113,20
129,127,7
131,112,20
133,112,20
133,123,20
133,132,12
488,112,20
488,126,11
488,133,12
135,108,136
135,109,17
135,111,54
135,112,48
135,113,24
135,114,38
135,116,94
135,118,136
135,119,119
135,120,34
135,121,1071
135,122,425
135,485,324
135,125,28
135,126,16
135,127,70
135,128,38
135,130,43
135,488,97
135,136,60
135,137,102
135,138,34
135,139,68
136,112,19
141,108,2
141,118,2
141,119,3
141,121,3
141,485,3
141,488,2
141,158,2
141,164,2
165,485,4
165,174,2
165,146,2
166,485,7
166,174,2
166,146,2
167,488,7
167,174,2
167,146,2
168,111,4
168,174,2
168,146,2
169,488,4
169,174,2
169,146,2
170,111,4
170,174,2
170,146,2
171,485,4
171,174,2
171,146,2
172,488,4
172,174,2
172,146,2
173,146,4
173,158,3
174,146,4
175,488,4
175,174,2
175,146,2
176,485,4
176,184,2
176,146,2
177,485,4
177,184,2
177,146,2
178,488,7
178,184,2
178,146,2
179,111,4
179,184,2
179,146,2
180,488,4
180,184,2
180,146,2
181,111,4
181,184,2
181,146,2
182,485,4
182,184,2
182,146,2
183,488,4
183,184,2
183,146,2
184,146,4
185,184,2
185,146,2
142,108,4
142,980,4
142,112,11
142,118,9
142,119,39
142,121,5
142,122,8
142,485,25
142,133,11
142,488,40
142,141,1
142,155,3
142,158,29
142,160,2
142,164,14
144,121,7
144,485,1
144,488,7
145,121,2
145,488,2
145,144,1
146,16,2
146,17,2
146,18,11
146,14,4
146,22,4
146,25,54
146,108,31
146,109,4
146,980,10
146,111,27
146,112,7
146,113,42
146,114,53
146,115,17
146,116,36
146,117,2
146,118,55
146,119,33
146,120,7
146,121,219
146,122,88
146,485,88
146,125,3
146,126,12
146,127,19
146,128,3
146,129,13
146,130,12
146,132,1
146,133,22
146,488,79
146,135,4
146,136,10
146,137,15
146,138,7
146,139,17
146,141,4
146,165,3
146,166,3
146,167,3
146,168,3
146,169,3
146,170,3
146,171,3
146,172,3
146,173,3
146,175,3
146,176,3
146,177,3
146,178,3
146,179,3
146,180,3
146,181,3
146,182,3
146,183,3
146,185,3
146,150,3
146,151,5
146,152,19
146,154,19
146,155,26
146,158,146
146,159,1
146,160,1
146,161,2
146,162,2
146,163,2
146,164,40
146,191,9
146,193,9
146,197,10
146,199,9
146,200,5
146,201,4
146,205,10
146,206,9
146,990,2
146,994,2
146,997,2
146,1308,1
146,1310,3
146,1311,12
146,1313,2
147,25,36
147,108,10
147,109,2
147,111,9
147,112,13
147,113,2
147,114,3
147,116,10
147,118,10
147,119,10
147,120,3
147,121,88
147,122,38
147,485,28
147,125,3
147,126,2
147,127,6
147,128,3
147,130,3
147,488,19
147,135,70
147,136,12
147,137,9
147,138,3
147,139,9
147,144,9
147,145,3
147,146,1
147,149,6
147,155,10
147,1308,4
147,1310,3
147,1311,5
148,121,4
148,153,1
148,155,1
148,164,1
149,108,8
149,109,2
149,111,4
149,112,3
149,113,2
149,114,3
149,116,5
149,118,8
149,119,10
149,120,3
149,121,66
149,122,30
149,485,17
149,125,3
149,126,2
149,127,6
149,128,3
149,130,3
149,488,7
149,137,11
149,138,3
149,139,9
151,150,1
152,121,10
152,165,2
152,166,2
152,167,2
152,168,2
152,169,2
152,170,2
152,171,2
152,172,2
152,175,2
153,121,2
154,119,2
154,121,2
154,122,2
154,184,2
155,13,3
155,25,3
155,980,42
155,112,44
155,121,36
155,485,8
155,132,17
155,133,41
155,488,32
155,146,1
155,160,1
155,980,42
155,990,12
155,1094,1
155,1154,5
155,1157,9
155,1159,7
155,1176,8
155,1177,7
155,994,2
155,997,4
155,1255,3
155,1311,2
156,16,2
156,17,2
156,10,2
156,25,16
156,111,16
156,112,23
156,113,18
156,114,73
156,115,11
156,116,23
156,118,68
156,120,8
156,121,83
156,122,34
156,123,10
156,485,58
156,125,5
156,126,42
156,127,53
156,128,5
156,129,81
156,130,11
156,132,8
156,133,19
156,488,48
156,136,18
156,137,4
156,138,3
156,139,7
156,187,3
156,158,1
156,160,7
156,164,8
156,189,17
156,190,27
156,191,29
156,192,24
156,193,29
156,194,30
156,195,10
156,196,74
156,197,36
156,198,5
156,199,36
156,200,27
156,201,35
156,202,14
156,203,67
156,204,89
156,205,38
156,206,41
156,207,15
187,10,2
187,980,5
187,112,2
187,121,24
187,488,10
187,164,2
187,980,2
158,111,4
158,116,5
158,118,20
158,120,3
158,121,46
158,122,18
158,485,10
158,125,3
158,126,6
158,127,11
158,128,3
158,130,4
158,488,6
158,136,3
158,137,3
158,138,3
158,139,3
158,191,2
158,193,2
158,197,2
158,199,2
158,201,2
158,205,2
158,206,2
159,16,2
159,17,2
159,13,2
159,25,25
159,121,5
159,186,5
159,155,1
159,158,7
162,135,6
162,146,2
163,135,13
163,162,3
163,1308,4
163,1310,2
163,1313,10
164,10,4
164,13,2
164,25,16
164,111,6
164,112,5
164,121,31
164,153,7
164,155,6
164,1308,2
164,1310,3
189,192,4
191,190,4
194,203,4
194,204,8
196,203,4
196,204,4
197,196,4
199,196,4
201,200,4
203,189,4
203,195,4
203,202,4
204,190,4
204,192,4
204,203,4
205,204,4
206,204,4
207,192,4
208,186,2
209,121,10
209,165,2
209,166,2
209,167,2
209,168,2
209,169,2
209,170,2
209,171,2
209,172,2
209,174,3
209,175,2
209,152,2
210,119,2
210,121,2
210,122,2
210,184,4
210,154,2
211,25,4
211,111,4
211,116,5
211,118,20
211,120,3
211,121,46
211,122,18
211,485,10
211,125,3
211,126,6
211,127,11
211,128,3
211,130,4
211,488,6
211,136,3
211,137,3
211,138,3
211,139,3
211,158,1
211,191,2
211,193,2
211,197,2
211,199,2
211,201,2
211,205,2
211,206,2
211,208,1
212,121,10
212,165,2
212,166,2
212,167,2
212,168,2
212,169,2
212,170,2
212,171,2
212,172,2
212,175,2
212,146,2
212,152,2
213,25,4
213,147,3
213,164,2
213,214,8
214,25,38
214,108,2
214,109,3
214,980,26
214,111,83
214,112,153
214,118,3
214,119,8
214,121,13
214,122,11
214,123,8
214,485,115
214,132,72
214,133,267
214,488,261
214,136,70
214,137,6
214,147,211
214,149,2
214,155,1
214,164,7
214,351,6
214,980,74
214,1094,3
215,6,3
215,25,18
215,120,3
215,121,2
215,122,2
215,125,8
215,137,2
215,138,2
215,139,4
215,147,10
215,243,2
215,245,11
215,721,2
216,25,10
216,146,1
216,215,5
217,25,20
217,111,10
217,121,2
217,122,2
217,147,9
217,155,1
217,164,5
217,1310,2
218,6,3
218,25,13
218,146,2
218,208,1
218,721,2
219,6,3
219,25,26
219,111,10
219,485,25
219,125,2
219,133,6
219,488,29
219,165,4
219,166,7
219,167,8
219,168,4
219,169,4
219,170,4
219,171,4
219,172,4
219,174,13
219,175,5
219,176,4
219,177,7
219,178,8
219,179,4
219,180,4
219,181,4
219,182,4
219,183,4
219,184,2
219,185,5
219,146,1
219,147,10
219,209,1
219,210,1
219,245,15
219,721,2
220,25,9
220,146,1
220,147,2
220,214,9
221,25,12
221,111,6
221,146,1
221,147,5
222,25,3
222,221,1
223,25,3
223,214,1
223,220,2
224,220,2
225,220,1
225,223,1
226,270,3
228,227,1
229,5,2
229,227,6
229,228,7
230,227,7
230,228,5
230,270,5
230,344,2
231,232,7
233,231,20
233,234,7
317,236,7
237,233,12
237,239,20
251,237,20
239,240,7
239,331,20
331,233,11
331,317,19
331,242,7
244,10,2
244,25,10
244,461,4
244,462,5
245,21,1
245,13,2
245,25,63
245,112,10
245,131,14
245,155,3
245,237,1
245,243,6
245,244,27
245,246,11
245,264,5
245,271,1
245,285,10
245,317,4
245,330,6
245,331,32
245,333,2
245,335,14
245,336,10
245,351,17
245,371,17
245,247,5
245,248,1
245,249,2
245,373,37
245,374,9
245,375,6
245,376,14
245,378,4
245,379,4
245,380,5
245,382,8
245,461,3
245,462,8
245,463,3
245,464,11
245,465,20
245,466,22
245,467,4
245,471,58
245,250,2
245,473,3
245,477,6
245,478,10
245,479,4
245,485,18
245,488,21
245,555,2
245,559,6
245,561,2
245,563,15
245,565,15
245,572,3
245,573,2
245,574,4
245,581,8
245,582,4
245,1065,4
245,585,2
245,587,4
245,594,5
245,595,2
245,596,16
245,602,3
245,644,3
245,654,20
245,670,1
245,694,3
245,705,2
245,707,14
245,251,33
245,714,8
245,720,1
245,721,103
245,985,6
245,1308,2
245,1310,3
246,244,3
246,331,11
253,25,4
253,236,3
253,262,20
253,278,2
253,301,4
253,317,13
253,360,3
253,370,5
253,479,2
253,656,3
253,665,3
253,1159,5
253,1161,2
253,1176,3
253,1177,3
254,345,2
254,1255,2
255,25,5
255,980,2
255,112,19
255,121,4
255,164,4
255,478,3
255,479,34
255,485,11
255,488,10
257,320,1
260,236,2
260,317,5
260,479,3
260,611,3
260,1153,6
260,1159,3
260,1162,3
261,1159,6
261,1255,5
261,1256,2
261,1257,4
262,25,10
262,278,7
262,301,8
262,317,65
262,361,27
262,370,6
262,479,11
262,655,8
262,656,23
262,694,2
262,1131,2
262,1159,16
262,1161,2
262,1205,2
262,1163,3
262,1177,3
263,254,2
263,313,2
263,344,2
263,345,1
263,348,1
263,1255,12
263,1256,11
263,1257,2
264,25,2
264,240,3
264,244,2
264,246,7
264,293,1
264,331,29
264,351,1
264,612,5
264,616,2
264,251,2
264,721,1
265,240,3
265,244,2
265,246,2
265,331,13
265,579,2
265,617,5
265,721,5
266,25,28
266,108,4
266,980,12
266,111,22
266,112,21
266,113,29
266,114,11
266,115,11
266,116,7
266,119,9
266,121,3
266,122,4
266,123,5
266,485,10
266,127,3
266,128,11
266,129,15
266,130,4
266,132,6
266,133,23
266,488,20
266,155,3
266,157,8
266,160,11
266,164,9
266,240,3
266,244,10
266,246,12
266,255,33
266,270,4
266,289,2
266,290,4
266,331,140
266,351,7
266,380,11
266,382,27
266,387,1
266,441,5
266,442,4
266,461,19
266,462,10
266,464,3
266,466,25
266,474,11
266,490,2
266,492,74
266,493,3
266,494,2
266,478,135
266,479,231
266,480,5
266,481,3
266,483,2
266,484,4
266,485,79
266,488,188
266,560,5
266,603,31
266,605,5
266,606,12
266,607,117
266,608,19
266,618,8
266,620,30
266,621,44
266,622,19
266,623,28
266,625,55
266,626,7
266,627,6
266,628,12
266,629,6
266,631,5
266,632,13
266,649,8
266,650,9
266,664,8
266,669,9
266,671,4
266,673,22
266,674,9
266,675,20
266,677,10
266,678,5
266,679,20
266,683,7
266,684,7
266,685,8
266,686,6
266,687,8
266,688,7
266,689,8
266,690,12
266,693,4
266,698,5
266,251,2
266,716,10
266,721,32
266,980,8
266,1005,1
266,990,2
266,1012,1
266,1094,3
266,991,1
266,994,2
266,997,2
266,1308,3
266,1310,2
267,258,1
268,254,2
268,290,1
268,341,2
268,342,7
268,343,1
268,345,1
268,1255,2
269,290,1
269,344,2
269,345,1
269,348,1
269,1255,2
352,353,4
352,357,7
354,353,1
355,25,10
355,353,4
355,357,8
357,353,1
357,354,1
358,353,4
358,357,6
359,25,4
359,352,2
359,353,8
359,354,9
359,355,2
359,358,2
271,10,2
271,14,3
271,25,89
271,240,3
271,244,15
271,246,8
271,286,8
271,293,13
271,294,1
271,297,3
271,310,4
271,317,23
271,331,59
271,340,1
271,351,19
271,371,1
271,417,1
271,419,3
271,420,1
271,427,4
271,479,5
271,644,5
271,645,6
271,666,7
271,667,59
271,670,9
271,694,6
271,251,2
271,721,22
271,724,3
271,725,3
271,1308,3
271,1310,4
272,273,7
272,284,2
272,309,4
272,317,23
272,351,1
272,426,1
272,666,6
272,667,4
273,25,4
273,258,5
273,272,1
273,284,5
273,426,7
273,666,10
274,272,4
274,317,13
274,351,5
274,479,7
274,667,8
274,694,10
274,990,8
274,1074,14
274,1159,8
274,1161,2
274,1205,2
274,993,5
274,994,2
274,997,2
275,112,9
275,240,3
275,244,2
275,246,2
275,264,15
275,317,10
275,331,45
275,634,13
275,635,13
275,721,1
275,980,2
276,278,1
276,479,3
276,637,4
276,1159,3
276,1175,3
276,1176,8
276,1177,12
276,1181,3
277,278,1
277,479,3
277,638,4
277,1150,3
277,1159,3
278,479,3
278,1159,3
279,276,2
279,277,2
279,278,1
279,280,2
279,281,2
279,282,2
279,637,3
279,638,3
279,639,2
279,640,3
279,641,3
279,642,3
280,278,4
280,279,1
280,479,3
280,640,8
280,1154,5
280,1159,6
280,1161,2
280,1176,3
280,1177,7
281,278,14
281,279,1
281,290,2
281,479,9
281,639,2
281,641,10
281,848,9
281,852,4
281,855,2
281,900,2
281,1150,3
281,1159,6
281,1162,2
282,278,1
282,479,3
282,642,3
282,1159,3
282,1205,2
283,236,3
283,278,3
283,279,1
283,317,7
283,479,3
283,643,3
284,10,2
284,25,7
284,980,2
284,351,1
284,479,7
284,644,20
284,670,21
284,694,11
284,721,4
284,990,12
284,1153,6
284,1159,5
284,1161,3
284,1205,2
284,1177,5
285,13,2
285,25,5
285,240,3
285,243,5
285,244,5
285,246,3
285,284,7
285,331,16
285,351,1
285,479,2
285,644,14
285,694,2
285,251,2
285,980,3
285,989,2
285,1153,7
285,993,4
285,998,2
286,10,2
286,25,4
286,236,3
286,273,2
286,278,3
286,279,1
286,297,1
286,317,73
286,328,7
286,337,1
286,351,19
286,414,2
286,417,8
286,419,2
286,421,5
286,479,34
286,633,10
286,639,2
286,645,32
286,672,2
286,694,6
286,725,5
286,726,3
286,1159,7
286,1162,5
286,1176,6
286,1177,5
286,1178,4
286,994,2
286,995,3
286,998,8
286,1308,2
286,1310,3
287,25,4
287,236,3
287,278,3
287,279,1
287,281,5
287,317,14
287,426,10
287,479,5
287,646,4
287,1159,2
287,1163,4
288,236,3
288,317,3
288,479,2
288,647,2
289,290,2
289,826,4
289,841,4
289,848,4
289,854,4
289,901,4
290,254,2
290,289,25
290,313,2
290,341,5
290,344,8
290,345,2
290,479,7
290,596,2
290,639,8
290,641,10
290,825,2
290,826,3
290,827,3
290,828,2
290,829,2
290,830,2
290,831,2
290,832,2
290,833,3
290,834,2
290,835,2
290,836,2
290,837,2
290,838,2
290,839,3
290,840,2
290,841,9
290,842,4
290,843,4
290,844,2
290,845,2
290,846,3
290,847,2
290,848,15
290,849,1
290,850,1
290,851,1
290,853,1
290,854,23
290,855,1
290,856,1
290,857,1
290,858,1
290,859,1
290,860,1
290,861,1
290,862,1
290,863,1
290,864,1
290,865,1
290,866,1
290,867,1
290,868,1
290,869,1
290,870,1
290,871,1
290,872,1
290,873,1
290,874,1
290,875,1
290,876,1
290,877,1
290,878,1
290,879,1
290,880,1
290,881,1
290,882,1
290,883,1
290,884,1
290,885,1
290,886,1
290,887,1
290,888,1
290,889,1
290,890,1
290,891,1
290,892,1
290,893,1
290,894,1
290,895,1
290,896,1
290,897,1
290,898,1
290,900,1
290,901,9
290,902,1
290,903,1
290,904,1
290,905,1
290,909,3
290,732,1
290,734,1
290,735,1
290,736,1
290,737,1
290,738,1
290,743,1
290,744,1
290,745,1
290,746,1
290,747,1
290,748,1
290,749,1
290,750,1
290,751,1
290,752,1
290,753,1
290,754,1
290,755,1
290,756,1
290,757,1
290,758,1
290,759,1
290,760,1
290,761,1
290,762,1
290,763,1
290,764,1
290,765,1
290,766,1
290,767,1
290,768,1
290,769,1
290,770,1
290,771,1
290,772,1
290,773,1
290,774,1
290,775,1
290,776,1
290,777,1
290,778,1
290,779,1
290,780,1
290,781,1
290,782,1
290,783,1
290,784,1
290,785,1
290,786,1
290,787,1
290,788,1
290,789,1
290,790,1
290,791,1
290,792,1
290,793,1
290,794,1
290,795,1
290,796,1
290,797,1
290,798,1
290,799,1
290,800,1
290,801,1
290,802,1
290,803,1
290,804,1
290,805,1
290,806,1
290,807,1
290,809,1
290,810,1
290,811,1
290,812,1
290,813,1
290,814,1
290,815,1
290,816,9
290,817,1
290,818,1
290,819,1
290,820,1
290,821,1
290,911,1
290,912,1
290,913,1
290,914,1
290,915,1
290,916,1
290,917,1
290,918,1
290,980,18
290,1159,9
290,1250,5
290,1251,9
290,1255,46
290,1256,9
290,1257,2
291,13,2
291,25,3
291,240,3
291,244,2
291,246,3
291,290,2
291,331,7
291,479,2
291,619,8
291,630,4
291,648,4
291,251,2
291,721,2
291,841,1
291,848,1
291,901,1
292,25,10
292,236,3
292,278,16
292,279,3
292,302,29
292,303,4
292,317,28
292,351,6
292,479,20
292,580,2
292,604,12
292,637,3
292,639,11
292,651,22
292,833,37
292,1092,4
292,1115,2
292,1159,23
292,1161,4
292,1162,13
292,1163,11
292,1174,6
292,1176,11
292,1177,3
292,1180,4
292,1253,4
292,1255,2
292,1257,2
293,13,2
293,25,34
293,353,5
293,359,6
293,294,6
293,298,5
293,299,1
293,317,2
293,331,8
293,334,1
293,351,1
293,371,12
293,250,8
293,721,62
293,722,8
293,1308,2
293,1310,3
294,721,2
295,236,3
295,317,5
295,479,6
295,652,3
295,694,4
295,990,4
296,25,13
296,236,3
296,273,2
296,278,6
296,301,10
296,307,3
296,308,1
296,317,19
296,360,9
296,363,15
296,366,13
296,367,6
296,370,2
296,337,1
296,351,3
296,479,8
296,653,15
296,666,1
296,694,11
296,721,6
296,990,3
296,1159,23
296,1161,2
296,1162,6
296,1205,2
296,1174,3
296,993,8
296,994,4
298,25,10
298,353,5
298,359,7
298,299,1
298,721,11
298,1308,1
298,1310,2
300,236,3
300,262,48
300,297,1
300,301,1
300,317,10
300,361,3
300,326,10
300,351,7
300,479,14
300,656,8
300,1174,3
300,1176,3
300,1177,5
300,997,2
301,278,22
301,279,1
301,360,2
301,364,4
301,365,4
301,368,4
301,370,7
301,351,3
301,423,1
301,479,8
301,639,8
301,656,7
301,694,18
301,980,6
301,990,1
301,1131,1
301,1159,23
301,1161,2
301,1162,18
301,1163,3
301,1177,2
301,993,5
301,994,2
301,1255,1
301,1256,2
302,479,2
302,1159,2
303,278,4
303,302,7
303,479,3
303,1155,9
303,1159,9
303,1162,11
303,1218,9
303,1255,2
303,1256,3
303,1257,3
304,236,3
304,317,3
304,479,2
304,657,2
305,236,3
305,317,9
305,479,5
305,658,3
305,1159,3
305,1161,2
305,1176,6
305,1177,10
306,236,3
306,317,7
306,479,6
306,659,4
307,296,5
308,25,7
308,236,3
308,253,13
308,262,43
308,273,4
308,296,5
308,301,2
308,307,2
308,317,9
308,360,9
308,363,12
308,366,9
308,367,8
308,351,2
308,479,13
308,665,6
308,666,4
308,694,7
308,990,4
308,1162,6
308,993,5
308,994,4
309,25,16
309,980,2
309,236,2
309,273,6
309,317,54
309,330,3
309,426,4
309,479,21
309,489,14
309,667,11
309,670,7
309,695,3
309,990,13
309,1159,8
309,1161,6
309,1205,3
309,1177,19
309,994,2
309,995,3
309,997,4
309,1253,3
310,19,5
310,25,9
310,240,3
310,244,5
310,246,5
310,258,5
310,271,1
310,273,6
310,284,19
310,293,4
310,296,3
310,311,2
310,317,17
310,360,3
310,363,6
310,366,3
310,330,3
310,331,33
310,351,15
310,479,7
310,644,2
310,653,1
310,666,20
310,251,2
310,721,15
310,987,3
310,1153,3
310,1159,3
311,19,5
311,25,54
311,244,8
311,246,5
311,271,22
311,293,1
311,317,1
311,331,60
311,351,12
311,479,2
311,597,1
311,667,16
311,721,24
311,1308,1
311,1310,2
312,25,10
312,240,3
312,244,2
312,246,2
312,331,39
312,351,1
312,731,8
312,382,9
312,414,2
312,478,6
312,479,13
312,485,5
312,488,8
312,633,4
312,660,8
312,661,6
312,662,6
312,663,24
312,668,14
312,694,6
312,251,3
312,720,2
312,721,13
313,345,2
313,1255,2
314,254,2
314,290,1
314,344,2
314,345,3
314,348,1
314,1255,15
314,1256,7
314,1257,2
315,316,2
315,341,2
316,268,3
316,341,1
316,342,1
316,345,1
316,1255,7
316,1256,4
317,236,2
317,273,4
317,278,5
317,297,1
317,323,3
317,1064,7
317,479,28
317,596,6
317,634,2
317,639,4
317,1159,19
317,1161,2
317,1177,2
318,317,60
318,323,4
318,611,2
318,643,2
318,645,2
318,646,2
318,647,2
318,651,2
318,652,2
318,653,2
318,656,2
318,657,2
318,658,2
318,659,2
318,665,2
318,676,2
318,681,2
318,682,2
318,691,2
318,695,2
318,696,2
318,697,2
361,479,5
363,351,2
363,479,4
363,721,6
364,296,8
364,307,4
364,360,5
364,990,2
364,1162,4
364,994,2
364,998,2
365,296,8
365,307,3
365,360,4
365,990,2
365,1162,4
365,994,2
365,998,2
366,296,8
366,307,3
366,367,15
366,479,2
366,990,2
366,1162,4
366,994,2
366,998,2
367,361,1
367,479,6
368,296,8
368,307,4
368,360,4
368,990,2
368,1162,4
368,994,2
368,998,2
369,362,12
370,25,7
370,286,6
370,361,1
370,351,2
370,414,2
370,419,2
370,479,21
370,694,6
370,990,2
370,1159,3
370,1162,4
370,993,3
370,998,4
322,25,2
322,236,3
322,278,12
322,279,3
322,317,28
322,337,1
322,417,5
322,479,8
322,639,4
322,676,15
322,694,7
322,1153,4
322,1159,11
322,1161,4
322,1162,2
322,1175,3
322,1177,4
322,1181,2
322,994,2
322,998,11
323,261,6
324,25,31
324,236,3
324,256,4
324,317,50
324,320,9
324,321,4
324,351,1
324,479,22
324,681,12
324,694,6
324,990,6
324,1159,3
324,994,3
324,998,5
325,236,3
325,278,3
325,279,1
325,317,17
325,479,6
325,639,3
325,682,7
325,1159,1
325,1177,2
326,262,14
326,301,1
326,317,4
326,370,14
326,351,8
326,479,8
326,656,14
326,694,8
326,990,1
326,1159,3
326,1161,4
326,1176,5
326,1177,12
326,993,5
326,994,2
327,25,4
327,236,3
327,253,22
327,258,5
327,262,33
327,273,4
327,284,21
327,301,4
327,317,20
327,370,15
327,330,3
327,479,13
327,644,2
327,665,3
327,666,15
327,691,4
327,987,3
327,1153,3
327,1159,2
329,25,10
329,485,3
329,488,4
329,164,6
329,240,3
329,244,2
329,246,2
329,331,40
329,351,2
329,478,7
329,479,8
329,485,17
329,488,13
329,563,5
329,633,3
329,661,1
329,663,7
329,692,21
329,694,2
329,721,4
329,723,12
329,724,5
329,726,23
330,10,2
330,236,3
330,317,29
330,328,11
330,351,3
330,479,5
330,489,3
330,694,4
330,695,16
330,725,5
330,726,5
330,1159,4
330,1162,6
330,1176,4
330,1177,10
331,25,5
331,112,2
331,240,2
331,243,2
331,244,3
331,246,4
331,317,3
331,334,1
331,371,2
331,1064,3
331,478,3
331,479,2
331,251,5
331,721,9
333,25,4
333,331,25
333,441,1
333,442,2
333,616,2
333,617,2
333,625,2
333,635,2
333,644,2
333,648,2
333,666,2
333,667,2
333,668,2
333,692,2
336,331,4
336,335,3
336,721,4
337,317,1
338,320,1
339,321,1
339,351,1
340,299,1
341,268,2
341,343,4
343,342,1
343,345,1
343,1255,2
344,269,2
344,348,4
344,816,3
345,596,6
345,1162,2
345,1255,5
346,345,2
347,345,3
348,345,1
348,1255,2
349,25,7
349,236,3
349,256,4
349,317,12
349,351,1
349,479,5
349,696,6
349,901,4
349,910,3
349,1159,3
349,1174,7
349,1176,4
349,1177,2
350,236,3
350,317,14
350,479,3
350,697,2
350,899,8
350,1159,3
350,1161,2
350,1176,6
350,1177,7
351,11,3
351,12,4
351,25,26
351,112,16
351,123,4
351,164,2
351,244,8
351,261,4
351,271,7
351,286,3
351,311,2
351,317,12
351,323,4
351,331,8
351,409,4
351,414,2
351,415,3
351,416,2
351,419,3
351,423,1
351,431,3
351,435,4
351,479,22
351,485,3
351,488,12
351,565,5
351,596,10
351,633,10
351,637,4
351,638,4
351,639,9
351,641,6
351,645,6
351,651,5
351,666,5
351,667,20
351,670,13
351,672,3
351,694,16
351,251,5
351,721,7
351,724,3
351,725,2
351,848,3
351,875,2
351,876,2
351,886,2
351,980,13
351,1094,1
351,994,2
351,998,5
351,1255,4
351,1308,1
351,1310,2
371,25,4
371,331,8
371,251,3
371,721,19
372,371,34
247,248,2
247,375,2
249,248,1
373,477,2
373,485,13
373,488,13
374,375,1
374,376,1
376,25,6
376,336,6
376,731,3
376,380,3
376,382,3
376,251,8
376,720,1
376,721,4
376,1308,1
376,1310,2
731,112,10
731,485,4
731,488,8
378,375,1
378,731,1
378,380,1
378,382,1
378,721,2
379,375,1
379,380,1
379,382,1
379,721,2
380,373,6
380,485,2
380,488,2
381,25,1
381,373,6
381,379,1
381,380,2
381,382,1
381,478,9
381,479,2
381,485,5
381,488,10
381,721,3
382,373,8
382,477,2
382,485,3
382,488,3
383,25,2
383,112,3
383,116,2
383,387,1
383,388,2
383,483,2
383,581,2
383,639,2
384,25,10
384,112,13
384,116,6
384,133,5
384,488,4
384,331,3
384,380,2
384,382,2
384,401,3
384,394,3
384,479,2
384,483,4
384,489,7
384,510,2
384,670,5
395,25,14
395,112,17
395,116,17
395,133,6
395,488,4
395,244,1
395,245,7
395,331,3
395,380,2
395,382,2
395,396,4
395,399,2
395,400,3
395,386,1
395,388,11
395,392,16
395,393,4
395,394,5
395,479,5
395,483,5
395,485,5
395,489,11
395,510,2
395,581,4
395,639,9
395,670,5
395,251,2
395,876,1
395,878,1
395,879,1
395,880,1
395,881,1
396,400,2
396,483,2
396,639,4
397,1087,1
397,1203,3
397,1205,3
397,1206,3
398,1203,1
398,1205,1
398,1206,1
399,400,16
399,639,1
400,639,1
401,25,29
401,112,12
401,116,9
401,133,6
401,488,4
401,244,1
401,245,8
401,287,5
401,317,7
401,331,6
401,380,2
401,382,2
401,388,9
401,392,15
401,393,5
401,394,5
401,416,1
401,479,3
401,482,9
401,483,5
401,485,6
401,489,7
401,510,2
401,581,6
401,637,8
401,639,15
401,641,4
401,646,3
401,667,11
401,670,5
401,251,3
401,876,1
401,878,1
401,879,1
401,880,1
401,881,1
401,884,1
401,885,1
402,386,3
386,25,6
386,351,2
386,389,5
386,414,2
386,416,30
386,427,3
386,479,3
386,670,4
387,25,2
387,116,4
387,488,2
387,331,2
387,380,2
387,382,2
387,388,1
387,479,3
387,485,3
387,488,2
387,581,2
387,639,2
388,331,4
388,380,5
388,485,4
388,639,4
389,25,10
389,479,8
389,1004,7
389,1094,3
390,160,2
390,164,2
390,240,3
390,244,2
390,246,2
390,331,11
390,385,2
390,391,8
390,478,7
390,485,4
390,488,9
390,721,5
392,278,4
392,279,2
392,290,7
392,344,4
392,393,8
392,449,3
392,450,3
392,451,2
392,452,3
392,1064,8
392,454,5
392,455,2
392,457,3
392,596,3
392,637,7
392,638,11
392,639,26
392,641,18
392,848,4
392,854,8
392,1159,2
392,1162,2
392,1256,3
393,637,5
393,638,5
393,639,6
394,112,2
394,116,3
394,133,2
394,331,7
394,351,3
394,380,3
394,382,3
394,383,1
394,479,3
394,483,3
394,485,9
394,488,9
394,596,3
394,670,11
394,694,2
403,10,2
403,404,8
403,405,3
403,416,7
403,670,3
404,272,1
404,317,1
404,330,1
404,351,1
404,416,6
404,667,1
404,670,1
404,987,1
404,1308,2
404,1310,1
405,404,7
405,413,25
405,426,1
405,1305,2
407,317,5
407,351,3
407,414,5
407,416,22
407,427,6
407,440,1
407,597,4
407,667,12
407,670,10
407,694,3
407,1308,57
407,1310,4
408,272,2
408,407,9
408,413,17
408,416,1
408,1308,2
410,421,1
412,286,3
412,419,1
413,426,52
413,431,5
413,434,8
413,876,1
413,878,1
413,879,1
413,880,1
413,881,1
413,1305,2
414,25,3
414,286,3
414,317,5
414,351,2
414,415,1
414,419,10
414,425,12
414,479,9
414,645,5
414,670,19
414,694,4
415,286,1
415,351,2
415,419,1
415,980,2
416,317,4
416,330,9
416,351,7
416,413,1
416,422,3
416,639,3
416,667,8
416,670,14
416,694,1
416,695,5
416,987,3
416,1305,2
416,1308,1
416,1310,2
418,286,3
418,351,2
418,417,4
418,419,1
419,286,2
420,286,4
420,317,3
420,351,2
420,667,3
422,272,2
422,413,11
423,286,3
423,351,2
423,419,1
425,25,2
427,670,11
428,20,9
429,21,11
430,667,2
431,406,8
431,428,21
431,429,85
431,436,3
431,437,3
431,1003,18
431,1004,15
431,1011,2
431,987,2
441,25,38
441,240,3
441,244,7
441,246,7
441,293,6
441,294,2
441,331,26
441,340,2
441,351,7
441,407,1
441,420,1
441,442,13
441,444,1
441,447,1
441,667,2
441,251,3
441,721,12
441,1308,2
441,1310,3
442,25,5
442,407,1
442,634,3
442,667,9
442,670,8
442,694,2
443,445,2
444,446,2
444,448,2
445,431,19
445,446,12
445,448,7
446,431,4
447,25,4
447,351,7
447,431,8
447,444,1
447,446,14
447,448,3
447,479,7
447,721,2
447,1307,4
447,1308,1
447,1310,2
448,431,3
432,25,2
432,425,1
432,431,4
432,434,2
432,1003,2
433,286,2
433,351,2
433,419,1
433,431,9
433,1003,5
434,431,15
434,1003,6
435,25,2
435,667,2
438,25,2
438,425,1
439,25,2
439,435,1
439,667,4
439,670,9
440,25,1
440,409,1
440,413,1
440,422,3
440,435,1
440,439,1
440,667,1
440,670,1
440,1305,2
449,451,3
449,452,1
449,1064,22
449,596,4
450,451,1
450,1064,2
450,454,6
450,455,2
450,457,5
450,596,2
451,1064,2
451,596,2
452,1064,2
452,596,2
454,1064,2
454,455,1
454,596,2
456,449,6
456,451,1
456,1064,4
456,596,2
457,1064,1
457,596,2
458,1064,2
458,457,1
458,596,2
459,264,4
459,331,14
459,451,4
459,452,1
459,1064,27
459,596,7
460,1064,5
461,464,1
461,466,1
462,461,6
462,463,1
462,464,1
462,465,1
462,466,2
462,467,8
463,25,5
465,464,4
465,466,5
466,477,3
466,485,5
466,488,6
467,479,6
469,461,2
469,464,5
469,466,5
470,25,49
470,461,19
470,462,2
470,463,10
470,464,14
470,465,15
470,466,36
470,467,30
470,469,12
470,477,3
470,478,5
470,479,2
470,485,2
470,488,2
470,565,5
470,721,6
471,25,5
471,251,2
471,721,4
475,144,2
475,479,1
475,481,1
475,694,4
475,713,2
475,714,2
475,1094,1
475,993,2
477,112,3
477,479,2
477,485,4
477,488,3
490,25,5
490,112,8
490,491,66
490,492,1
490,478,6
490,479,23
490,485,16
490,488,21
490,721,9
490,1308,3
490,1310,4
492,25,2
492,112,2
492,478,2
492,479,10
492,485,3
492,488,3
492,721,3
493,112,20
493,116,8
493,485,6
493,132,3
493,133,12
493,488,3
493,157,2
493,160,2
493,385,5
493,485,14
493,488,21
493,628,2
493,686,2
494,25,3
494,112,3
494,485,1
494,488,1
494,155,3
494,351,9
494,492,1
494,493,6
494,478,3
494,479,24
494,485,13
494,488,18
494,721,5
494,1308,3
494,1310,4
478,25,27
478,108,5
478,980,6
478,111,5
478,112,30
478,113,2
478,114,7
478,115,3
478,116,13
478,118,1
478,119,6
478,121,15
478,122,13
478,123,6
478,485,26
478,126,8
478,127,7
478,128,3
478,130,5
478,132,17
478,133,31
478,488,22
478,143,1
478,144,2
478,145,3
478,147,3
478,149,48
478,155,6
478,160,4
478,164,3
478,351,3
478,387,4
478,479,245
478,481,4
478,483,3
478,484,2
478,485,54
478,488,125
478,712,2
478,719,5
478,721,12
478,980,17
478,990,2
478,1094,3
478,991,1
478,994,2
480,25,2
480,121,4
480,122,1
480,155,2
480,164,2
480,474,28
480,478,8
480,479,8
480,485,9
480,488,12
481,144,2
481,479,1
481,694,4
481,714,2
481,993,2
482,639,4
482,990,2
483,13,5
483,25,8
483,112,3
483,387,6
483,479,12
483,481,5
483,713,1
483,714,6
483,711,1
483,712,6
484,479,5
485,13,3
485,112,6
485,121,6
485,123,2
485,485,45
485,133,23
485,488,4
485,155,4
485,157,21
485,164,4
485,351,2
485,414,3
485,419,5
485,423,1
485,476,2
485,478,6
485,479,26
485,487,6
485,488,40
485,990,4
486,476,2
487,476,6
487,479,3
488,13,5
488,980,4
488,112,29
488,116,2
488,121,2
488,123,4
488,485,2
488,132,12
488,133,35
488,488,66
488,155,3
488,157,19
488,160,6
488,414,3
488,419,5
488,423,1
488,478,14
488,479,40
488,481,4
488,483,1
488,980,2
488,990,7
488,991,1
488,1176,7
488,1177,7
488,994,2
488,997,2
489,25,7
489,1253,12
489,1256,5
495,290,2
495,308,8
495,317,4
495,330,4
495,449,3
495,450,3
495,451,2
495,452,3
495,1064,9
495,454,9
495,455,5
495,457,3
495,458,9
495,479,2
495,485,22
495,488,8
495,555,2
495,518,1
495,581,18
495,587,8
495,590,5
495,596,12
495,637,2
495,639,6
495,641,6
495,665,9
495,848,2
496,286,2
496,317,2
496,324,2
496,325,2
496,449,12
496,450,3
496,451,3
496,452,3
496,1064,10
496,454,3
496,457,3
496,458,17
496,497,3
496,498,9
496,518,1
496,580,2
496,581,6
496,596,3
497,262,5
497,317,15
497,325,3
497,351,5
497,455,2
497,580,4
497,596,2
497,639,7
497,682,7
498,261,24
498,262,2
498,286,3
498,287,4
498,292,3
498,300,6
498,305,3
498,306,2
498,308,3
498,317,50
498,322,14
498,323,8
498,324,2
498,325,4
498,330,4
498,349,2
498,350,2
498,351,13
498,1064,19
498,454,10
498,455,12
498,489,8
498,497,46
498,580,12
498,593,35
498,596,14
498,604,4
498,639,52
498,646,1
498,651,4
498,656,10
498,665,6
498,672,5
498,676,17
498,682,7
498,694,5
498,695,5
499,25,23
499,244,3
499,253,11
499,267,1
499,300,1
499,317,83
499,318,3
499,322,7
499,327,7
499,330,3
499,331,59
499,333,3
499,350,4
499,351,6
499,380,6
499,479,4
499,485,9
499,488,2
499,502,154
499,555,2
499,516,9
499,556,6
499,580,5
499,581,38
499,587,5
499,593,3
499,594,9
499,596,23
499,644,10
499,645,6
499,646,2
499,665,19
499,666,33
499,667,83
499,670,15
499,672,3
499,676,13
499,691,3
499,694,10
499,695,1
500,25,31
500,980,6
500,244,3
500,253,2
500,261,17
500,264,12
500,286,19
500,308,2
500,311,3
500,312,6
500,317,22
500,318,7
500,323,8
500,331,34
500,333,5
500,350,3
500,351,4
500,442,4
500,432,1
500,1064,5
500,454,2
500,455,3
500,499,5
500,502,45
500,565,3
500,580,1
500,581,17
500,588,1
500,592,1
500,593,9
500,594,2
500,596,13
500,600,3
500,614,10
500,616,4
500,633,9
500,637,5
500,639,6
500,643,4
500,645,36
500,660,2
500,661,5
500,665,2
500,667,34
500,668,19
500,670,7
500,672,2
500,676,2
500,692,7
500,694,17
500,695,1
500,1256,3
501,317,3
501,1064,3
501,454,2
501,455,2
501,502,11
501,596,2
502,25,5
502,253,12
502,286,4
502,308,1
502,317,32
502,331,22
502,350,8
502,380,4
502,382,4
502,455,2
502,581,6
502,665,12
502,694,9
503,317,6
503,322,3
503,331,5
503,1064,3
503,454,2
503,455,2
503,499,3
503,502,19
503,596,2
503,667,4
504,317,7
504,322,3
504,331,4
504,1064,3
504,454,2
504,455,2
504,499,2
504,502,19
504,596,2
505,317,5
505,322,3
505,331,5
505,1064,3
505,454,2
505,455,2
505,499,4
505,502,18
505,596,2
505,667,5
506,317,6
506,322,3
506,331,5
506,1064,3
506,454,2
506,455,2
506,499,3
506,502,16
506,596,2
506,667,5
507,317,5
507,330,3
507,331,4
507,333,3
507,1064,3
507,454,2
507,455,2
507,485,4
507,499,3
507,502,13
507,563,10
507,581,8
507,587,4
507,588,2
507,592,5
507,596,2
507,667,3
507,692,6
507,695,1
508,25,4
508,244,3
508,253,2
508,317,23
508,318,3
508,331,16
508,333,2
508,350,5
508,1064,5
508,454,2
508,455,2
508,499,3
508,502,78
508,556,14
508,558,3
508,581,8
508,596,4
508,645,3
508,665,2
508,667,11
508,670,3
508,672,3
508,694,3
508,695,3
509,290,2
509,292,4
509,317,5
509,330,4
509,351,2
509,449,3
509,450,3
509,451,2
509,452,3
509,1064,7
509,454,7
509,455,4
509,457,3
509,458,3
509,479,2
509,485,6
509,488,5
509,555,2
509,518,1
509,581,15
509,587,4
509,596,9
509,637,2
509,638,2
509,639,5
509,640,4
509,641,6
509,642,2
509,651,7
509,848,2
519,116,6
519,317,2
519,450,3
519,451,2
519,452,3
519,1064,5
519,454,5
519,455,3
519,456,3
519,457,3
519,458,7
519,520,3
519,581,5
519,596,6
520,261,5
520,286,2
520,287,3
520,292,3
520,317,7
520,323,3
520,325,3
520,1064,7
520,454,4
520,455,4
520,519,29
520,581,1
520,596,4
520,604,5
520,637,12
520,638,2
520,639,10
520,641,9
520,646,4
520,651,5
521,25,5
521,112,6
521,116,20
521,133,3
521,317,5
521,330,9
521,384,1
521,478,5
521,479,4
521,485,2
521,488,19
521,519,20
521,524,5
521,510,3
521,518,2
521,580,2
521,581,13
521,596,14
522,25,2
522,244,5
522,561,4
522,563,2
522,581,5
522,582,4
522,1065,3
522,585,2
522,588,4
522,594,14
522,595,2
522,596,10
523,261,8
523,290,2
523,292,6
523,317,20
523,323,4
523,325,3
523,330,5
523,1064,7
523,454,4
523,455,4
523,478,1
523,479,2
523,488,5
523,522,1
523,524,24
523,580,8
523,581,12
523,593,6
523,596,8
523,604,11
523,637,8
523,639,9
523,651,9
523,682,2
523,695,7
523,833,2
523,990,1
523,1159,3
523,1176,5
523,1177,4
523,994,2
523,1253,4
523,1255,1
523,1256,2
523,1257,2
524,317,5
524,449,3
524,450,3
524,451,2
524,452,3
524,1064,5
524,454,5
524,455,3
524,457,3
524,458,7
524,478,5
524,523,3
524,580,4
524,581,6
524,596,3
524,637,4
524,833,4
510,25,5
510,116,23
510,245,8
510,330,2
510,331,5
510,380,2
510,382,2
510,390,3
510,391,4
510,478,13
510,479,12
510,485,18
510,488,24
510,547,1
510,581,4
510,587,8
510,596,4
510,251,3
511,300,4
511,317,16
511,322,3
511,330,3
511,518,1
511,581,6
511,590,4
511,596,2
511,656,1
511,676,2
511,695,1
549,317,4
549,455,2
549,528,3
550,261,4
550,317,3
550,323,1
550,731,27
550,449,3
550,450,3
550,451,2
550,452,3
550,1064,11
550,454,10
550,455,4
550,457,3
550,458,7
550,549,9
550,528,5
550,596,5
550,637,4
550,638,2
550,639,2
550,640,2
550,641,2
550,642,2
527,450,3
527,451,2
527,452,3
527,1064,3
527,454,3
527,456,3
527,457,3
527,458,19
527,528,4
527,701,10
527,518,2
527,581,4
527,596,2
527,720,1
527,721,4
528,261,9
528,317,6
528,731,41
528,455,2
528,581,4
701,112,8
701,488,2
701,261,17
701,288,2
701,292,4
701,300,3
701,305,3
701,317,43
701,322,5
701,323,19
701,325,4
701,330,3
701,731,66
701,1064,20
701,454,19
701,455,10
701,460,2
701,488,3
701,489,7
701,550,6
701,528,58
701,581,4
701,596,10
701,604,3
701,639,8
701,651,2
701,656,4
701,676,5
701,682,2
701,695,1
701,1253,1
512,25,4
512,244,3
512,253,14
512,317,36
512,318,2
512,325,3
512,331,23
512,333,3
512,350,2
512,1064,12
512,454,11
512,455,6
512,499,11
512,502,99
512,556,3
512,565,3
512,581,10
512,596,8
512,645,3
512,665,16
512,667,13
512,672,3
512,694,2
513,25,8
513,253,23
513,261,24
513,292,2
513,300,12
513,305,2
513,308,22
513,317,65
513,318,3
513,322,4
513,323,5
513,324,2
513,325,3
513,350,2
513,450,3
513,451,2
513,452,3
513,1064,11
513,454,11
513,455,6
513,457,3
513,458,9
513,518,1
513,565,5
513,570,3
513,580,13
513,581,24
513,588,1
513,590,26
513,592,1
513,593,22
513,596,25
513,637,16
513,639,32
513,641,4
513,644,7
513,655,16
513,656,18
513,665,27
513,666,6
513,667,13
513,670,7
513,672,9
513,676,4
513,682,4
513,694,8
513,980,2
513,1256,2
514,25,23
514,495,2
514,496,2
514,509,2
514,521,2
514,511,1
514,527,2
514,513,2
514,530,2
514,555,2
514,515,1
514,516,1
514,517,2
514,518,4
514,557,3
514,581,5
514,596,2
514,703,2
530,317,1
530,449,3
530,450,3
530,451,2
530,452,3
530,1064,3
530,454,3
530,457,3
530,458,3
530,533,2
530,534,8
530,518,2
530,581,4
530,596,2
531,455,2
531,485,5
532,290,5
532,449,3
532,450,3
532,451,2
532,452,3
532,1064,13
532,454,11
532,455,5
532,457,3
532,458,7
532,479,2
532,485,5
532,488,3
532,531,20
532,554,2
532,596,11
532,637,5
532,638,14
532,639,14
532,640,3
532,641,8
532,642,2
532,990,1
532,1177,3
532,994,2
532,1255,1
532,1256,2
533,287,5
533,317,9
533,330,5
533,1064,7
533,454,5
533,455,3
533,479,2
533,485,7
533,488,2
533,532,10
533,534,11
533,555,2
533,581,7
533,587,6
533,596,5
533,639,3
533,646,5
533,695,1
534,287,4
534,317,4
534,455,2
534,581,4
535,25,4
535,244,6
535,264,16
535,300,6
535,311,7
535,317,3
535,331,35
535,333,3
535,351,3
535,451,3
535,1064,5
535,459,10
535,513,3
535,541,13
535,543,1
535,581,6
535,590,2
535,596,9
535,613,13
535,616,4
535,656,4
535,667,10
536,25,20
536,244,1
536,264,7
536,300,6
536,308,3
536,317,15
536,318,3
536,323,3
536,330,4
536,331,17
536,333,3
536,351,6
536,416,1
536,581,9
536,596,4
536,615,4
536,616,4
536,637,5
536,639,14
536,644,3
536,656,20
536,665,4
536,666,6
536,667,17
536,670,4
536,672,3
536,694,10
536,695,1
536,1255,2
536,1256,2
546,331,4
546,455,2
546,581,4
547,116,22
547,311,3
547,317,2
547,330,4
547,331,18
547,351,2
547,380,2
547,387,4
547,388,15
547,1064,4
547,454,2
547,455,2
547,479,3
547,483,2
547,485,2
547,488,4
547,510,2
547,546,7
547,581,10
547,596,9
547,639,4
547,667,5
547,694,2
547,695,3
548,116,4
548,331,5
548,395,1
548,401,1
548,449,3
548,450,3
548,451,3
548,452,3
548,1064,7
548,454,7
548,455,2
548,457,5
548,458,3
548,488,5
548,510,2
548,546,3
548,547,2
548,541,4
548,581,4
548,596,4
548,667,4
537,449,3
537,451,2
537,452,3
537,1064,3
537,548,3
537,541,3
537,543,1
537,596,2
538,25,10
538,292,3
538,295,3
538,296,3
538,308,3
538,317,26
538,318,3
538,323,2
538,330,4
538,449,3
538,450,3
538,451,2
538,452,3
538,1064,11
538,454,9
538,455,4
538,457,3
538,458,3
538,539,12
538,581,3
538,596,6
538,651,1
538,652,4
538,653,5
538,656,1
538,665,1
538,672,3
538,694,2
539,244,4
539,264,12
539,310,4
539,317,7
539,331,47
539,333,2
539,351,3
539,449,3
539,450,3
539,451,4
539,452,3
539,1064,7
539,454,3
539,455,2
539,457,3
539,458,3
539,459,5
539,538,2
539,541,12
539,543,1
539,581,6
539,596,5
539,612,2
539,613,7
539,615,7
539,616,4
539,666,11
539,667,6
540,292,4
540,317,9
540,330,16
540,331,7
540,430,1
540,449,3
540,450,3
540,451,4
540,452,5
540,1064,12
540,454,5
540,455,4
540,456,3
540,457,3
540,458,5
540,541,6
540,543,1
540,581,3
540,596,5
540,651,1
540,667,14
540,670,10
540,695,3
540,992,1
541,25,5
541,244,5
541,331,7
541,581,5
542,25,15
542,479,1
542,535,1
542,537,1
542,539,1
542,540,1
542,541,3
542,543,4
542,545,1
542,596,2
543,541,2
543,596,2
544,300,3
544,331,2
544,1064,5
544,454,5
544,455,3
544,536,1
544,545,5
544,581,2
544,596,3
545,264,2
545,331,10
545,449,5
545,450,3
545,451,4
545,452,5
545,1064,7
545,454,3
545,455,2
545,457,3
545,458,3
545,541,8
545,543,1
545,544,2
545,581,5
545,596,3
545,667,5
549,455,2
550,290,3
550,449,3
550,450,3
550,451,2
550,452,3
550,1064,13
550,454,11
550,455,5
550,457,3
550,458,7
550,549,8
550,596,6
550,637,6
550,638,19
550,639,22
550,640,7
550,641,7
550,642,4
551,455,2
701,287,5
701,317,4
701,330,7
701,345,2
701,1064,7
701,454,5
701,455,3
701,550,1
701,553,4
701,596,3
701,600,3
701,639,7
701,646,3
701,695,1
553,330,4
553,455,2
553,639,4
554,278,13
554,279,3
554,479,4
554,639,3
554,1159,7
554,1161,5
554,1205,3
554,1163,11
554,1177,11
555,25,5
555,112,4
555,121,2
555,122,2
555,164,2
555,278,2
555,290,2
555,351,2
555,449,3
555,450,3
555,451,2
555,452,3
555,1064,3
555,454,3
555,457,3
555,458,3
555,471,11
555,478,16
555,479,6
555,485,14
555,488,18
555,701,2
555,553,4
555,554,2
555,518,2
555,565,3
555,581,6
555,587,6
555,596,4
555,637,5
555,638,4
555,639,21
555,641,9
555,848,2
555,875,2
555,886,2
555,990,1
555,1163,2
555,1177,4
515,25,4
515,261,7
515,283,3
515,287,2
515,288,2
515,292,2
515,317,43
515,318,2
515,322,18
515,323,3
515,324,3
515,325,4
515,449,3
515,450,3
515,451,2
515,452,3
515,1064,7
515,454,7
515,455,4
515,457,3
515,458,3
515,518,1
515,580,5
515,581,17
515,593,10
515,596,5
515,637,10
515,639,22
515,676,16
515,682,4
516,287,4
516,317,1
516,330,7
516,449,3
516,450,3
516,451,2
516,452,3
516,1064,7
516,454,7
516,455,4
516,457,3
516,458,3
516,478,3
516,485,11
516,488,1
516,518,1
516,581,5
516,596,6
516,646,14
517,123,5
517,290,2
517,308,7
517,317,21
517,327,6
517,330,4
517,449,3
517,450,3
517,451,2
517,452,3
517,1064,7
517,454,7
517,455,3
517,457,3
517,458,3
517,479,2
517,485,5
517,488,5
517,513,1
517,555,2
517,518,1
517,563,2
517,581,19
517,587,4
517,590,4
517,596,7
517,637,2
517,639,6
517,641,6
517,656,1
517,665,4
517,691,5
517,848,2
518,581,3
518,596,2
556,350,5
556,455,2
557,450,3
557,451,2
557,452,3
557,1064,3
557,454,3
557,456,3
557,457,3
557,458,9
557,518,2
557,556,3
557,558,5
557,581,5
557,596,2
558,317,11
558,350,13
558,1064,12
558,454,11
558,455,6
558,556,41
558,596,6
558,697,4
559,331,2
559,561,2
559,571,1
559,572,2
559,596,2
560,634,7
561,1064,8
561,562,3
562,561,3
563,25,20
563,112,23
563,123,8
563,244,3
563,285,4
563,331,5
563,351,2
563,731,4
563,380,4
563,382,4
563,424,1
563,432,1
563,433,1
563,478,9
563,479,8
563,484,2
563,485,7
563,488,6
563,561,44
563,564,1
563,565,12
563,594,1
563,596,42
563,252,3
563,721,4
563,980,5
563,1005,1
564,25,30
564,112,2
564,116,7
564,121,2
564,123,4
564,127,17
564,164,2
564,244,50
564,245,6
564,255,2
564,285,3
564,331,13
564,333,51
564,351,2
564,380,25
564,382,28
564,385,5
564,387,3
564,424,1
564,432,1
564,478,58
564,479,24
564,483,5
564,485,25
564,488,32
564,560,5
564,561,165
564,563,454
564,565,59
564,596,165
564,603,13
564,605,5
564,606,18
564,607,70
564,608,10
564,618,5
564,620,4
564,625,97
564,626,5
564,627,5
564,628,7
564,629,4
564,631,4
564,632,7
564,644,4
564,649,4
564,650,4
564,663,4
564,664,5
564,668,4
564,669,4
564,671,15
564,673,13
564,674,9
564,675,20
564,677,4
564,678,4
564,679,17
564,683,7
564,684,7
564,685,4
564,686,6
564,687,5
564,688,5
564,689,11
564,690,5
564,692,7
564,693,4
564,694,4
564,698,4
564,251,1
564,716,2
564,717,1
564,712,2
564,721,11
564,980,15
564,1094,1
565,483,3
565,561,14
565,562,6
566,25,15
566,112,12
566,485,8
566,488,6
566,485,3
566,488,7
566,565,30
566,596,37
567,25,2
567,112,3
567,244,4
567,331,6
567,333,2
567,561,4
567,563,15
567,595,1
567,596,2
567,635,3
568,25,2
568,244,1
568,331,4
568,333,4
568,380,5
568,382,3
568,478,1
568,479,1
568,485,5
568,488,4
568,561,2
568,563,32
568,565,8
568,566,3
568,596,10
568,617,7
569,25,5
569,290,2
569,333,3
569,561,3
569,563,8
569,565,2
569,596,6
569,619,4
569,630,4
569,648,5
570,322,2
570,449,9
570,451,2
570,1064,5
570,596,1
571,331,2
571,375,2
571,561,2
571,572,2
571,596,2
572,380,2
572,382,2
572,478,2
572,479,2
572,563,1
573,25,2
573,380,3
573,382,3
573,478,3
573,479,2
573,563,3
573,572,1
574,25,2
574,112,8
574,121,2
574,123,10
574,485,16
574,132,4
574,133,17
574,488,13
574,160,2
574,164,12
574,244,4
574,331,15
574,333,8
574,351,3
574,382,3
574,478,9
574,479,2
574,484,2
574,488,26
574,561,8
574,563,60
574,565,38
574,566,7
574,596,43
574,603,33
574,617,5
574,621,47
574,625,7
574,663,8
574,668,5
574,980,3
575,25,6
575,116,13
575,245,13
575,287,1
575,311,1
575,330,1
575,331,6
575,351,1
575,380,4
575,387,1
575,388,1
575,1064,1
575,454,1
575,455,1
575,478,6
575,479,6
575,483,1
575,485,2
575,488,4
575,581,1
575,587,1
575,596,1
575,639,1
575,646,1
575,663,8
575,694,3
575,695,1
575,251,4
576,1255,9
576,1256,2
577,578,6
579,25,5
579,112,2
579,244,2
579,331,11
579,333,4
579,351,2
579,382,7
579,478,3
579,479,3
579,485,5
579,488,5
579,561,2
579,563,45
579,565,24
579,575,3
579,596,29
579,617,3
579,663,4
579,668,5
579,721,1
580,593,4
581,25,5
581,244,5
581,253,5
581,292,5
581,300,5
581,308,4
581,317,13
581,330,17
581,331,5
581,731,4
581,380,4
581,488,5
581,556,5
581,561,4
581,580,4
581,587,8
581,588,4
581,590,7
581,594,4
581,597,4
581,639,5
581,646,5
581,661,5
581,663,5
581,665,5
582,244,3
582,561,5
582,583,11
582,1065,8
1065,583,4
585,561,4
586,317,14
586,1064,3
586,454,2
586,455,2
586,596,1
587,485,12
588,589,7
588,590,3
588,591,4
588,592,8
588,621,4
589,588,5
590,561,19
590,577,3
591,485,5
591,488,11
591,633,5
592,561,91
592,563,6
592,598,5
593,261,28
593,323,11
593,561,8
593,596,4
594,10,3
594,13,7
594,25,229
594,980,2
594,112,56
594,121,3
594,123,8
594,160,3
594,164,6
594,244,25
594,253,3
594,255,2
594,261,283
594,262,1
594,264,10
594,271,8
594,285,4
594,286,2
594,289,6
594,290,8
594,292,9
594,300,7
594,311,2
594,317,242
594,318,38
594,320,7
594,321,4
594,322,14
594,323,76
594,329,2
594,330,14
594,331,64
594,333,9
594,350,6
594,351,47
594,373,27
594,380,8
594,382,16
594,407,1
594,414,2
594,419,2
594,449,3
594,450,3
594,451,4
594,452,5
594,1064,10
594,454,3
594,457,3
594,458,25
594,477,4
594,478,17
594,479,16
594,483,8
594,484,2
594,485,34
594,488,92
594,489,19
594,499,2
594,500,3
594,501,3
594,502,6
594,503,3
594,504,3
594,505,3
594,506,3
594,507,3
594,508,3
594,512,6
594,514,6
594,541,4
594,542,5
594,555,5
594,556,2
594,561,378
594,562,3
594,563,416
594,564,2
594,565,201
594,566,1
594,570,2
594,575,3
594,577,29
594,578,18
594,580,54
594,581,27
594,582,3
594,1065,2
594,585,1
594,587,9
594,588,227
594,589,48
594,590,170
594,591,26
594,592,191
594,593,278
594,596,385
594,597,4
594,598,23
594,599,10
594,600,17
594,601,23
594,604,21
594,621,25
594,622,4
594,623,13
594,625,9
594,633,18
594,637,62
594,638,11
594,639,204
594,641,5
594,642,2
594,643,5
594,644,12
594,645,8
594,646,23
594,647,5
594,651,54
594,654,6
594,655,5
594,656,6
594,657,3
594,658,3
594,659,8
594,660,2
594,661,9
594,663,13
594,665,3
594,667,16
594,668,6
594,670,5
594,672,21
594,676,17
594,681,3
594,682,11
594,694,31
594,695,10
594,696,3
594,697,9
594,252,10
594,720,1
594,721,22
594,833,50
594,864,2
594,886,3
594,901,4
594,980,9
594,990,13
594,1094,1
594,991,1
594,1159,20
594,1206,4
594,1176,15
594,1177,16
594,994,2
594,997,2
594,1255,37
594,1256,14
594,1257,9
595,25,2
595,561,2
595,563,1
595,564,4
595,567,2
595,568,2
595,569,2
595,574,2
595,579,2
595,594,2
595,596,1
595,654,81
595,721,4
596,479,6
597,634,5
598,561,4
599,455,2
599,561,3
599,593,4
599,601,3
600,261,20
600,289,11
600,290,7
600,345,8
600,346,2
600,347,3
600,449,3
600,450,3
600,451,2
600,452,3
600,1064,25
600,454,9
600,455,7
600,457,3
600,458,11
600,561,30
600,563,7
600,565,32
600,593,11
600,594,2
600,596,34
600,599,34
600,601,2
600,637,11
600,638,29
600,639,31
600,640,3
600,641,7
600,642,3
600,848,2
600,852,2
600,876,2
600,980,27
600,1159,7
600,1250,5
600,1251,5
600,1253,3
600,1254,3
600,1255,13
600,1256,5
601,483,2
601,561,11
601,563,1
602,25,6
602,710,9
602,721,5
603,112,4
603,123,4
603,624,1
604,634,2
604,639,6
604,833,9
605,624,1
605,634,10
606,112,1
606,123,1
606,351,1
606,624,1
606,634,8
607,112,6
607,123,6
607,351,2
607,624,1
607,634,20
608,607,5
608,624,1
609,624,1
610,634,2
611,634,2
612,25,2
612,331,2
613,25,6
613,331,17
613,612,1
614,25,12
614,164,2
614,331,18
614,351,2
614,612,1
614,633,8
614,661,5
614,662,3
614,667,12
614,668,6
614,670,5
614,694,1
615,25,2
615,331,15
615,612,1
616,634,2
617,634,6
618,624,1
618,634,10
619,634,6
620,624,1
621,112,13
621,123,7
621,351,3
621,624,1
621,634,44
622,624,1
622,634,20
623,112,8
623,351,3
623,624,1
623,634,20
625,380,39
625,382,39
625,560,5
625,603,4
625,605,4
625,606,6
625,607,4
625,608,4
625,618,4
625,620,4
625,621,4
625,622,4
625,623,6
625,626,3
625,627,5
625,628,4
625,629,4
625,631,4
625,632,4
625,634,30
625,649,4
625,650,4
625,664,4
625,669,4
625,677,4
625,678,4
625,679,4
625,683,4
625,684,4
625,685,4
625,686,4
625,687,4
625,688,4
625,689,4
625,690,4
625,693,4
625,698,4
626,624,1
626,634,7
627,624,1
627,634,7
628,624,1
628,634,9
629,624,1
629,634,6
630,634,4
632,624,1
632,634,4
632,671,5
633,164,2
633,261,4
633,488,2
635,331,6
636,634,2
637,634,2
637,639,7
637,1255,3
637,1256,2
638,634,2
638,639,9
638,980,2
638,1150,2
638,1205,3
638,1163,3
638,1253,3
638,1255,5
638,1256,2
639,1064,2
639,634,2
639,1159,2
639,1255,6
639,1257,2
640,351,2
640,634,2
640,639,16
640,1255,3
641,25,7
641,290,2
641,345,6
641,351,2
641,565,5
641,634,2
641,639,23
641,721,18
641,848,11
641,852,2
641,854,12
641,1159,7
641,1162,2
641,1255,13
641,1256,9
641,1257,3
642,634,2
642,639,5
642,1255,1
642,1256,2
643,634,2
643,639,4
644,634,4
644,670,6
644,694,5
645,633,4
645,634,29
645,639,4
645,694,5
646,634,10
646,639,5
647,634,2
648,619,4
648,630,4
649,127,5
649,624,1
649,634,10
649,673,4
649,674,4
649,675,4
650,127,5
650,634,8
650,673,4
651,604,9
651,634,12
651,639,5
651,833,2
651,816,3
652,634,2
652,694,3
653,634,6
653,639,12
653,655,3
653,656,14
653,665,11
653,694,15
654,716,109
655,577,5
655,578,6
655,634,1
655,656,12
656,634,14
656,639,17
656,655,10
656,694,6
657,634,2
658,634,4
659,634,2
660,634,3
661,621,6
661,634,4
661,660,2
662,634,6
663,633,6
663,634,9
663,660,3
663,694,7
664,624,1
664,634,2
665,634,6
665,639,9
665,655,1
665,656,4
665,694,12
666,258,4
666,317,8
666,634,18
666,644,7
666,672,1
667,25,2
667,317,23
667,351,2
667,580,4
667,590,4
667,597,4
667,634,19
667,666,5
667,670,13
667,694,9
668,485,2
668,380,6
668,382,6
668,634,8
668,661,4
668,662,3
668,663,4
669,625,2
670,980,2
670,351,2
670,414,3
670,419,3
670,479,5
670,485,12
670,634,20
670,672,1
670,694,14
670,980,8
670,990,9
670,994,2
670,997,2
671,634,2
672,25,5
672,980,4
672,112,26
672,155,16
672,261,5
672,317,2
672,323,3
672,351,11
672,419,2
672,424,1
672,432,1
672,433,1
672,478,5
672,479,3
672,481,6
672,483,2
672,596,3
672,600,3
672,621,19
672,639,20
672,667,3
672,670,1
672,676,6
672,694,46
672,980,24
672,1000,1
672,1005,1
672,989,1
672,990,7
672,1094,1
672,1131,1
672,991,1
672,1255,5
672,1256,3
673,127,5
673,634,6
674,634,6
674,716,5
675,634,8
676,634,12
676,639,12
676,694,10
676,980,4
677,624,1
678,624,1
678,634,2
678,673,4
678,674,4
678,675,4
679,127,6
679,624,1
679,634,6
681,320,9
681,321,5
681,634,6
681,694,12
682,634,8
682,639,6
683,624,1
683,634,7
684,624,1
684,634,7
685,634,6
685,673,4
685,675,4
686,624,1
686,634,2
687,624,1
687,634,9
688,624,1
688,634,9
689,624,1
689,634,9
690,624,1
690,634,11
691,634,2
691,665,3
691,666,3
692,563,4
692,634,5
692,661,3
692,663,3
693,624,1
693,634,4
694,980,4
694,414,3
694,419,3
694,634,14
694,980,2
694,990,8
695,489,6
695,634,12
695,639,3
696,634,4
696,901,5
697,634,2
698,624,1
698,634,2
699,317,4
699,1064,2
699,455,2
699,593,4
699,639,39
700,25,6
700,290,4
700,317,6
700,449,3
700,450,3
700,451,2
700,452,3
700,1064,15
700,454,11
700,455,5
700,457,3
700,458,7
700,581,1
700,593,3
700,596,7
700,637,5
700,639,26
700,640,4
700,641,6
700,699,42
700,702,4
701,25,33
701,261,14
701,262,1
701,287,5
701,290,2
701,300,5
701,317,72
701,318,2
701,323,3
701,330,6
701,351,5
701,1064,34
701,454,18
701,455,9
701,481,2
701,482,12
701,488,5
701,561,3
701,563,3
701,580,4
701,581,12
701,590,1
701,593,12
701,596,13
701,637,6
701,639,35
701,641,3
701,646,6
701,655,7
701,656,7
701,695,5
701,699,48
701,700,1
701,702,52
701,990,2
701,1256,2
702,287,5
702,317,7
702,1064,2
702,455,2
702,580,5
702,581,5
702,593,2
702,699,5
703,449,3
703,450,3
703,451,2
703,452,3
703,1064,3
703,454,3
703,457,3
703,458,17
703,518,2
703,581,5
703,596,2
703,701,9
703,702,3
704,602,3
704,705,1
704,707,7
704,721,13
705,243,2
705,707,1
706,25,5
706,245,11
706,704,1
706,705,2
706,708,1
706,709,2
706,710,1
706,721,4
707,131,4
708,602,3
708,705,1
708,707,5
708,721,14
709,602,3
709,705,1
709,707,5
709,721,12
710,25,2
710,112,6
710,131,8
710,602,9
710,705,1
710,707,39
710,721,50
710,980,4
710,991,2
251,231,25
251,232,5
251,233,13
251,234,3
251,317,17
251,237,38
251,239,30
251,331,41
251,242,5
251,264,9
251,271,13
251,285,4
251,317,31
251,331,52
251,731,4
251,380,4
251,382,4
251,563,9
251,667,4
251,252,2
713,111,5
713,115,6
713,485,1
713,126,17
713,129,8
713,473,7
713,478,7
713,479,11
713,485,16
713,488,23
713,715,18
713,716,34
713,712,10
714,111,2
714,473,6
714,479,7
714,485,3
714,488,3
714,716,10
714,712,3
715,25,3
715,478,3
715,479,3
715,714,1
715,712,4
716,718,14
717,716,38
711,479,2
711,712,1
711,1308,1
711,1310,2
712,479,2
719,25,14
719,127,2
719,129,18
719,479,9
719,716,2
719,717,2
719,712,2
719,721,9
720,112,3
720,261,2
720,286,5
720,317,1
720,323,1
720,731,8
720,528,4
721,25,43
721,290,2
721,351,5
721,371,5
721,250,4
721,479,2
721,483,3
721,654,5
721,714,4
721,712,4
721,719,4
721,720,4
721,920,3
727,25,19
727,351,20
727,730,5
727,723,2
728,25,25
728,351,14
728,730,10
728,725,2
730,729,5
730,726,5
724,13,2
724,25,7
724,723,2
724,725,2
724,726,2
731,449,3
731,450,3
731,451,2
731,452,3
731,1064,5
731,454,4
731,455,2
731,457,3
731,561,10
731,563,4
731,582,4
731,1065,3
731,596,4
822,596,7
822,833,2
822,839,3
822,842,1
822,1255,2
823,345,2
823,346,3
823,347,5
823,397,4
823,398,6
823,479,2
823,848,4
823,1154,8
823,1159,14
823,1161,2
823,1205,2
823,1206,2
823,1240,1
823,1163,2
824,479,2
825,270,4
825,347,7
825,479,8
825,596,2
825,822,1
825,833,15
825,1075,9
825,1159,7
825,1161,2
825,1189,4
825,1203,4
825,1205,4
825,1206,2
825,1163,12
825,1176,5
825,1177,7
825,1253,3
825,1255,5
826,290,5
826,341,5
826,342,10
826,343,1
826,479,9
826,596,2
826,822,1
826,833,15
826,899,6
826,1159,4
826,1161,4
826,1255,2
827,270,4
827,347,5
827,479,8
827,596,2
827,822,1
827,833,11
827,1159,5
827,1161,3
827,1162,5
827,1163,6
827,1172,9
827,1255,4
828,270,5
828,347,21
828,479,19
828,596,2
828,833,11
828,841,1
828,906,10
828,1075,1
828,1159,20
828,1161,5
828,1189,1
828,1205,4
828,1206,6
828,1233,1
828,1163,24
828,1172,18
828,1173,1
828,1176,1
828,1177,1
828,1250,14
828,1253,11
828,1255,17
829,270,5
829,347,11
829,479,8
829,596,2
829,822,1
829,833,15
829,1075,27
829,1159,9
829,1161,2
829,1189,21
829,1203,5
829,1205,8
829,1206,3
829,1163,23
829,1176,13
829,1177,15
829,1253,5
829,1255,8
830,270,4
830,345,5
830,479,8
830,596,3
830,833,12
830,839,7
830,842,1
830,1159,3
830,1203,3
830,1205,3
830,1255,3
831,270,5
831,347,11
831,479,8
831,596,2
831,822,1
831,833,15
831,1075,19
831,1159,9
831,1161,2
831,1189,13
831,1203,5
831,1205,6
831,1206,3
831,1163,23
831,1176,9
831,1177,11
831,1253,5
831,1255,8
832,270,5
832,347,11
832,479,2
832,596,2
832,831,11
832,833,2
832,1075,2
832,1159,5
832,1163,18
832,1253,5
832,1255,8
833,479,10
833,816,3
833,1159,3
834,270,4
834,347,5
834,397,4
834,398,7
834,479,8
834,596,2
834,822,1
834,833,11
834,1159,4
834,1161,4
834,1162,2
834,1203,2
834,1205,8
834,1206,2
834,1163,3
834,1172,7
834,1255,2
834,1257,2
835,270,5
835,347,11
835,479,10
835,596,2
835,822,1
835,833,11
835,907,15
835,1075,11
835,1159,9
835,1161,4
835,1189,1
835,1205,4
835,1206,3
835,1233,1
835,1163,16
835,1172,4
835,1173,1
835,1176,1
835,1177,1
835,1253,5
835,1255,8
836,270,4
836,347,5
836,479,8
836,596,2
836,822,1
836,833,11
836,816,3
836,1159,6
836,1162,8
836,1255,2
836,1257,2
837,270,4
837,347,5
837,479,8
837,596,2
837,822,1
837,833,11
837,816,3
837,1159,6
837,1162,8
837,1255,2
837,1257,2
838,270,5
838,347,21
838,479,17
838,596,2
838,833,11
838,841,1
838,906,10
838,1075,1
838,1159,18
838,1161,5
838,1189,1
838,1205,4
838,1206,6
838,1233,1
838,1163,27
838,1172,14
838,1173,1
838,1176,1
838,1177,1
838,1250,10
838,1253,11
838,1255,16
839,1159,2
839,1255,2
840,270,5
840,347,23
840,479,13
840,596,2
840,822,1
840,833,14
840,839,2
840,907,12
840,1075,19
840,1150,9
840,1154,8
840,1159,29
840,1161,3
840,1162,3
840,1189,1
840,1205,4
840,1206,6
840,1233,1
840,1163,32
840,1172,5
840,1173,1
840,1176,1
840,1177,1
841,596,2
841,833,1
841,1255,2
842,596,2
842,833,1
842,839,1
842,841,1
843,270,4
843,347,7
843,479,2
843,596,2
843,833,2
843,846,11
843,1075,2
843,1159,3
843,1163,9
843,1253,3
843,1255,5
844,270,4
844,347,7
844,479,2
844,596,2
844,833,2
844,846,11
844,1075,2
844,1159,3
844,1163,9
844,1253,3
844,1255,5
845,270,4
845,347,7
845,479,15
845,596,2
845,822,1
845,833,21
845,1075,5
845,1159,7
845,1205,3
845,1206,3
845,1163,14
845,1253,3
845,1255,5
846,270,4
846,347,7
846,479,8
846,596,2
846,822,1
846,833,15
846,1075,16
846,1159,7
846,1161,2
846,1189,9
846,1203,5
846,1205,5
846,1206,2
846,1163,12
846,1176,7
846,1177,9
846,1253,3
846,1255,5
847,270,4
847,347,7
847,479,2
847,596,2
847,833,2
847,846,11
847,1075,2
847,1159,3
847,1163,9
847,1253,3
847,1255,5
848,290,3
848,345,5
848,479,5
848,816,3
848,1150,3
848,1159,6
848,1162,5
849,270,4
849,345,2
849,347,3
849,479,2
849,848,3
849,899,4
849,1159,6
849,1160,6
849,1161,2
849,1205,2
849,1163,3
850,270,5
850,345,6
850,347,5
850,479,2
850,848,4
850,980,2
850,1154,6
850,1159,12
850,1162,4
850,1205,2
851,270,5
851,345,2
851,346,3
851,347,3
851,479,4
851,848,4
851,816,3
851,1159,6
851,1160,4
851,1205,3
852,270,4
852,290,2
852,345,4
852,347,3
852,479,2
852,848,4
852,899,3
852,1159,10
852,1160,8
852,1162,3
852,1187,5
852,1188,5
852,1191,5
852,1203,5
852,1205,2
852,1218,5
852,1163,2
852,1255,16
852,1256,15
852,1257,15
853,270,4
853,345,2
853,347,3
853,479,2
853,848,5
853,852,2
853,878,4
853,879,4
853,1159,7
853,1205,2
853,1163,3
854,290,2
854,344,10
854,345,4
854,348,1
854,479,2
854,848,3
854,899,5
854,1159,5
854,1161,4
854,1255,3
854,1257,2
855,347,8
855,479,2
855,848,6
855,899,14
855,1159,10
855,1206,2
855,1163,3
856,270,5
856,347,4
856,479,2
856,848,3
856,899,6
856,1159,6
857,270,5
857,345,2
857,346,3
857,347,3
857,479,2
857,848,7
857,980,8
857,1154,9
857,1159,15
857,1205,2
857,1218,5
858,270,5
858,345,2
858,346,3
858,347,3
858,479,2
858,848,4
858,899,1
858,1159,8
858,1160,7
858,1205,4
859,270,4
859,823,2
860,270,4
860,345,2
860,346,3
860,347,3
860,397,4
860,479,2
860,848,3
860,1154,7
860,1159,9
860,1187,2
860,1205,2
860,1206,2
860,1163,2
861,270,4
861,823,2
862,270,5
862,345,4
862,347,3
862,479,2
862,848,6
862,899,1
862,1159,9
862,1162,2
862,1205,2
862,1163,1
863,345,4
863,346,3
863,479,2
863,848,4
863,1077,3
863,1159,3
863,1204,10
863,1205,3
863,1163,5
864,270,4
864,347,2
864,479,2
864,848,3
864,1159,4
864,1162,2
864,1205,2
865,345,2
865,346,3
865,347,5
865,479,2
865,848,5
865,899,7
865,980,2
865,1159,10
865,1187,3
865,1163,9
866,270,4
866,345,4
866,346,3
866,479,3
866,848,11
866,899,11
866,1150,4
866,1154,3
866,1157,3
866,1159,16
866,1162,2
866,1205,2
866,1163,5
867,270,4
867,345,2
867,346,3
867,347,5
867,479,2
867,848,4
867,1154,6
867,1157,7
867,1159,10
867,1206,2
867,1163,8
868,270,4
868,345,2
868,346,3
868,347,5
868,479,7
868,848,6
868,899,1
868,1159,5
868,1162,5
868,1205,2
868,1206,2
869,270,5
869,345,2
869,346,3
869,347,3
869,479,2
869,848,6
869,899,2
869,1159,8
869,1160,6
869,1205,3
870,270,5
870,345,2
870,346,3
870,347,3
870,479,2
870,848,7
870,899,2
870,1159,8
870,1160,8
870,1205,4
871,270,4
871,345,2
871,346,3
871,347,7
871,479,2
871,848,4
871,899,8
871,1159,10
871,1160,7
871,1161,2
871,1205,3
871,1163,6
872,270,4
872,345,2
872,346,3
872,347,3
872,479,2
872,848,3
872,1157,6
872,1159,7
872,1161,2
873,270,4
873,345,2
873,346,3
873,347,3
873,479,2
873,848,3
873,1157,6
873,1159,7
873,1161,2
874,270,4
874,345,2
874,346,3
874,347,3
874,479,2
874,848,3
874,1159,5
874,1161,2
874,1231,5
874,1177,2
875,270,4
875,345,2
875,346,3
875,479,2
875,848,4
875,1159,3
875,1187,7
875,1205,2
876,270,4
876,479,2
876,848,3
876,852,38
876,1160,2
876,1162,3
876,1187,2
876,1188,2
876,1191,2
876,1203,2
876,1218,4
877,270,4
877,479,2
877,848,3
877,852,4
877,876,2
878,270,4
878,479,2
878,848,3
878,852,38
878,1160,2
878,1162,3
878,1187,2
878,1188,2
878,1191,2
878,1203,2
878,1218,4
878,1308,1
878,1310,2
879,270,4
879,479,2
879,848,3
879,852,38
879,1160,2
879,1162,3
879,1187,2
879,1188,2
879,1191,2
879,1203,2
879,1218,4
879,1308,1
879,1310,2
880,270,4
880,479,2
880,848,3
880,852,38
880,1160,2
880,1162,3
880,1187,2
880,1188,2
880,1191,2
880,1203,2
880,1218,4
880,1308,1
880,1310,2
881,270,4
881,479,2
881,848,3
881,852,38
881,1160,2
881,1162,3
881,1187,2
881,1188,2
881,1191,2
881,1203,2
881,1218,4
881,1308,1
881,1310,2
882,270,4
882,345,2
882,346,3
882,479,2
882,848,3
882,1159,3
882,1187,4
882,1205,2
883,270,4
883,479,2
883,848,3
883,852,38
883,1160,2
883,1162,3
883,1187,2
883,1188,2
883,1191,2
883,1203,2
883,1218,4
884,270,4
884,345,2
884,346,3
884,479,2
884,848,3
884,1159,3
884,1205,2
885,270,4
885,345,2
885,346,3
885,479,2
885,848,3
885,1159,3
885,1205,2
886,270,4
886,345,2
886,346,3
886,479,2
886,848,4
886,1159,3
886,1187,7
886,1205,2
887,270,5
887,345,2
887,346,3
887,347,5
887,479,2
887,848,14
887,980,4
887,1078,1
887,1154,1
887,1159,12
887,1186,1
887,1187,3
887,1188,3
887,1189,3
887,1190,3
887,1191,3
887,1203,3
887,1205,2
887,1217,3
887,1218,5
887,1219,3
887,1163,13
888,270,5
888,345,2
888,346,3
888,347,5
888,479,10
888,848,5
888,816,3
888,1159,8
888,1162,7
888,1205,2
888,1206,6
888,1218,8
888,1163,10
889,270,5
889,345,2
889,346,3
889,479,2
889,848,8
889,1159,3
889,1160,7
889,1161,3
889,1205,3
890,270,4
890,345,2
890,346,3
890,347,3
890,479,2
890,848,3
890,980,3
890,1154,3
890,1157,3
890,1159,18
890,1205,2
891,270,5
891,345,2
891,346,3
891,347,3
891,479,2
891,848,4
891,899,3
891,980,2
891,1154,8
891,1159,13
891,1160,6
891,1161,2
891,1205,1
891,1218,1
891,1163,1
892,270,5
892,345,2
892,346,3
892,479,2
892,848,6
892,1159,3
892,1160,6
892,1161,2
892,1205,3
893,270,5
893,345,4
893,479,2
893,848,5
893,1159,3
893,1161,2
893,1205,3
893,1218,10
893,1255,3
893,1256,4
893,1257,4
894,270,4
894,345,2
894,479,2
894,848,3
894,1159,3
894,1161,2
894,1177,2
895,345,4
895,346,3
895,479,2
895,848,3
895,1159,3
895,1204,5
895,1205,3
895,1163,3
896,270,5
896,345,6
896,346,3
896,479,2
896,848,3
896,1159,3
896,1186,2
896,1204,5
896,1205,3
896,1218,2
896,1220,2
896,1163,3
897,863,1
898,270,5
898,345,2
898,479,2
898,848,4
898,1159,6
898,1161,2
898,1191,3
898,1175,3
899,290,2
899,345,2
899,346,5
899,347,2
899,1159,12
899,1160,16
899,1161,8
899,1162,12
899,1220,2
899,1255,4
899,1257,5
900,347,8
900,479,2
900,848,5
900,899,9
900,980,3
900,1159,10
900,1187,3
901,345,2
901,479,4
901,824,3
901,1159,2
901,1177,2
902,270,4
902,332,3
902,345,6
902,479,3
902,901,3
902,1154,6
902,1157,8
902,1159,11
902,1161,2
902,1177,2
903,270,4
903,345,6
903,479,3
903,901,6
903,980,2
903,1159,9
903,1161,2
903,1205,2
903,1218,5
903,1177,2
904,270,5
904,345,6
904,479,3
904,901,5
904,980,2
904,1159,9
904,1161,2
904,1205,2
904,1218,5
904,1177,2
905,270,4
905,345,11
905,479,3
905,899,8
905,901,2
905,1150,1
905,1159,9
905,1161,2
905,1162,1
905,1228,4
905,1177,2
906,479,15
906,1075,3
907,1075,16
909,839,1
909,1159,4
909,1255,4
909,1257,2
910,349,4
910,479,2
910,824,1
732,270,4
732,341,2
732,342,3
732,1075,25
733,341,2
733,342,2
734,270,5
734,344,2
734,1075,8
735,270,5
735,344,2
735,1075,8
736,270,5
736,344,2
737,270,5
737,344,2
737,1075,8
738,270,5
738,344,2
738,1075,8
739,344,3
739,1074,4
739,1076,4
740,263,3
740,344,4
740,1075,3
741,314,3
741,344,4
741,1074,7
741,1075,7
741,1076,7
742,344,3
742,1074,6
742,1075,6
742,1076,6
743,270,5
743,344,2
744,270,5
744,344,2
744,1075,3
745,270,5
745,344,2
746,270,5
746,344,2
747,270,5
747,344,2
747,1075,8
748,270,5
748,344,2
748,1077,3
749,270,5
749,344,2
749,1077,3
750,270,5
750,344,2
750,1077,7
751,270,5
751,344,2
751,1077,3
752,270,5
752,344,2
752,1077,3
753,270,5
753,344,2
753,1075,8
754,270,5
754,344,3
754,1075,6
755,270,5
755,344,2
755,1075,8
756,270,5
756,344,2
757,270,5
757,344,2
757,1075,3
758,270,5
758,344,2
759,270,5
759,344,2
760,270,5
760,344,2
760,1077,3
761,270,5
761,344,2
762,270,5
762,344,2
762,899,2
763,270,5
763,344,2
764,270,5
764,344,2
764,1075,9
765,270,5
765,344,2
765,1075,17
766,270,5
766,344,2
766,1075,9
767,270,5
767,344,2
767,1075,9
768,270,5
768,344,2
769,270,5
769,344,2
770,270,5
770,344,2
771,270,5
771,344,2
771,1077,3
772,270,5
772,344,2
772,1077,3
773,270,5
773,739,9
773,1074,7
773,1076,7
774,270,5
774,739,9
774,1074,5
774,1076,5
775,270,5
775,739,9
775,1074,7
775,1076,7
776,270,5
776,739,9
776,1074,7
776,1076,7
777,270,5
777,344,2
777,1075,10
778,270,5
778,344,2
779,270,4
779,741,13
779,1074,7
779,1075,7
779,1076,7
780,270,4
780,741,13
780,1074,7
780,1075,7
780,1076,7
781,270,4
781,741,13
781,1074,7
781,1075,7
781,1076,7
782,270,4
782,742,13
782,1074,5
782,1075,5
782,1076,5
783,270,4
783,741,13
783,1074,7
783,1075,7
783,1076,7
784,270,4
784,742,1
784,1074,3
784,1075,3
784,1076,3
785,270,5
785,344,2
786,270,5
786,344,2
786,1075,6
787,270,4
787,741,13
787,1074,9
787,1075,9
787,1076,9
788,270,5
788,344,2
788,1075,10
789,270,5
789,344,2
789,1075,8
790,270,4
790,344,2
790,816,2
790,1075,8
791,270,5
791,344,2
792,270,5
792,344,2
793,270,5
793,344,2
794,270,5
794,344,2
795,270,5
795,344,2
795,899,2
796,270,5
796,344,2
796,1075,11
797,270,5
797,344,2
798,270,5
798,344,2
799,270,5
799,344,2
799,1077,3
800,270,5
800,344,2
800,1075,11
801,270,5
801,344,2
801,1075,8
802,270,5
802,344,2
803,270,5
803,344,2
803,1075,9
804,270,5
804,344,2
805,270,5
805,344,2
805,1075,8
806,344,2
806,1074,3
806,1075,3
806,1076,3
806,1077,4
807,344,2
807,1074,21
807,1075,3
807,1076,3
807,1077,3
807,1082,2
808,344,2
809,344,2
809,1074,3
809,1075,21
809,1076,3
809,1077,3
810,344,2
810,1074,3
810,1075,3
810,1076,3
810,1077,3
811,344,2
811,1074,3
811,1075,3
811,1076,3
811,1077,3
811,1086,2
812,344,2
812,1074,3
812,1075,3
812,1076,3
812,1077,3
812,1087,2
813,344,2
813,1074,3
813,1075,3
813,1076,21
813,1077,3
813,1093,2
814,21,4
814,344,2
814,985,11
814,1074,3
814,1075,3
814,1076,3
814,1077,3
814,1086,4
814,1087,2
815,270,5
815,344,2
817,270,5
817,344,2
818,270,5
818,344,2
818,816,2
818,1077,3
819,270,5
819,344,2
820,270,5
820,344,2
820,1077,3
821,270,5
821,344,2
821,1077,3
911,270,5
911,345,4
911,479,2
911,848,5
911,919,3
911,1159,3
911,1160,8
911,1161,2
911,1205,4
912,270,5
912,344,2
912,919,3
913,270,5
913,344,2
913,919,3
914,270,5
914,344,2
914,919,3
915,270,5
915,344,2
915,919,3
916,270,5
916,344,2
916,919,3
917,270,5
917,344,2
917,919,3
918,270,5
918,344,2
918,919,3
925,25,4
925,155,11
925,246,4
925,271,1
925,289,3
925,290,3
925,311,4
925,317,44
925,318,31
925,331,1
925,351,60
925,424,1
925,478,15
925,488,10
925,596,7
925,637,8
925,638,3
925,639,10
925,640,3
925,641,7
925,643,16
925,645,25
925,646,8
925,667,30
925,672,18
925,676,21
925,681,10
925,682,13
925,721,1
925,980,3
925,1256,10
926,278,12
926,279,12
926,290,1
926,479,2
926,600,41
926,637,27
926,638,43
926,639,20
926,641,3
926,980,2
926,1153,17
926,1159,5
926,1162,10
926,1250,3
926,1255,6
926,1256,6
926,1257,2
927,363,46
927,479,3
928,25,4
928,260,9
928,287,8
928,309,4
928,317,15
928,318,6
928,351,10
928,600,9
928,611,7
928,638,5
928,639,14
928,646,5
928,667,7
928,670,6
928,672,4
928,681,5
928,682,5
928,694,4
928,925,5
928,1153,30
928,1159,5
928,1161,2
928,1205,4
928,1163,5
928,1176,5
928,1177,7
929,317,4
929,318,1
929,351,6
929,600,3
929,637,5
929,639,4
929,646,5
929,667,8
929,670,6
929,694,2
929,1256,3
930,25,4
930,351,5
930,723,49
930,724,8
930,725,45
930,726,27
931,351,12
931,415,5
932,6,6
932,14,4
932,25,12
932,155,2
932,245,5
932,371,12
932,372,5
932,424,1
932,478,6
932,707,1
932,721,8
932,731,2
932,922,6
933,374,1
933,376,2
933,251,1
933,252,10
933,721,12
934,155,2
934,373,7
934,374,1
934,376,4
934,380,2
934,382,3
934,488,5
934,721,5
934,922,2
935,25,5
935,331,8
935,336,4
935,374,1
935,376,4
935,251,3
935,721,5
936,112,6
936,485,6
936,488,5
936,374,1
936,376,8
936,731,61
936,380,2
936,382,2
936,721,12
936,937,2
937,374,1
937,376,7
937,380,2
937,382,2
937,721,13
938,19,5
938,374,1
938,376,4
938,721,10
939,374,1
939,376,5
940,331,5
940,374,1
940,376,5
940,667,4
940,251,1
941,331,3
941,247,3
941,248,5
941,374,2
941,376,9
941,559,3
941,561,5
941,572,5
941,596,5
941,721,32
942,331,4
942,336,4
942,374,1
942,376,5
943,374,1
943,376,1
943,721,8
944,373,10
944,374,1
944,376,3
944,380,1
944,382,1
944,485,4
944,488,4
945,373,10
945,374,1
945,376,3
945,380,1
945,382,1
945,485,4
945,488,4
946,374,1
946,376,1
946,721,8
947,374,1
947,376,1
947,721,7
949,431,18
949,433,1
949,1003,40
949,1004,11
949,987,4
949,1074,7
951,411,18
951,948,6
951,950,6
952,413,7
952,416,2
952,426,46
952,434,8
952,876,1
952,878,1
952,879,1
952,880,1
952,881,1
952,1003,2
953,414,12
953,427,24
953,670,16
954,428,5
954,429,5
955,431,45
955,432,4
955,433,4
955,980,3
955,1003,63
955,1004,48
955,1005,7
955,1006,5
955,987,3
955,1074,7
955,1075,7
955,1076,7
955,1162,8
955,1176,7
955,1177,13
955,994,8
956,25,10
956,146,1
956,243,1
956,244,6
956,245,10
956,271,2
956,311,3
956,331,3
956,351,2
956,407,2
956,440,13
956,478,1
956,582,1
956,594,1
956,596,1
956,667,1
956,707,3
956,251,3
956,721,2
957,266,2
957,331,4
957,559,6
957,561,7
957,572,5
957,596,9
957,621,4
957,625,1
958,266,2
958,331,3
958,559,2
958,561,3
958,572,3
958,596,3
958,621,3
958,625,1
958,721,8
959,25,4
959,111,9
959,112,12
959,488,2
959,155,16
959,164,9
959,415,1
959,478,40
959,479,13
959,488,77
959,983,1
959,980,14
959,1094,1
959,1246,1
960,108,3
960,111,9
960,112,7
960,121,3
960,122,2
960,415,1
960,474,65
960,478,16
960,479,2
960,480,14
960,485,6
960,488,18
960,980,3
961,112,5
961,485,7
961,133,5
961,479,1
961,485,2
961,488,5
962,25,9
962,155,2
962,245,8
962,478,2
962,488,1
962,707,6
962,721,2
963,566,10
963,596,4
922,5,7
922,6,9
922,19,3
922,25,32
922,116,4
922,155,7
922,243,1
922,244,4
922,245,10
922,290,3
922,331,4
922,351,27
922,424,1
922,470,2
922,478,31
922,488,12
922,561,5
922,563,4
922,582,5
922,1065,2
922,594,6
922,596,3
922,707,3
922,721,29
922,983,1
922,980,3
922,1246,1
922,1308,7
922,1310,3
964,479,2
964,712,1
923,921,4
923,922,8
924,921,4
924,922,3
965,731,19
973,345,2
973,479,2
973,848,3
973,1159,4
973,1205,2
973,1218,3
974,345,2
974,479,2
974,848,4
974,1159,4
974,1205,2
974,1218,3
975,345,2
975,346,3
975,347,3
975,479,2
975,848,8
975,980,4
975,1159,7
975,1205,2
975,1218,7
966,749,6
967,750,12
968,751,6
969,341,2
969,342,7
969,1075,11
969,1076,11
969,1308,1
969,1310,2
970,344,2
971,344,2
972,344,2
976,920,6
978,988,10
978,1158,2
978,1159,10
978,1161,4
978,1176,4
978,1177,5
978,993,1
978,994,13
978,995,1
978,997,3
983,984,20
982,981,20
1000,980,4
1000,1001,39
1000,1002,47
1000,1074,6
1000,1075,6
1000,1076,6
1000,1077,8
1000,1154,6
1000,1157,6
1000,1159,19
1000,1186,4
1000,1187,3
1000,1188,4
1000,1189,4
1000,1190,4
1000,1191,4
1000,1203,4
1000,1217,4
1000,1218,4
1000,1219,4
1000,1163,27
1000,1175,7
1000,1176,5
1000,1177,11
1000,1181,6
1000,993,2
1000,994,7
1000,995,2
1000,1250,4
1000,1251,5
1000,1253,5
1000,1254,4
1000,1255,11
1000,1256,2
1000,1257,3
1000,1258,4
985,20,5
985,21,4
986,985,5
986,994,2
986,999,3
1003,1004,12
1004,1011,4
1005,21,1
1005,985,5
1005,1004,1
1005,1006,19
1005,1007,2
1005,987,2
1005,1084,2
1005,1094,34
1005,1159,11
1005,1205,2
1005,1176,5
1005,1177,7
1005,993,1
1005,994,10
1005,995,1
1005,997,2
1005,1254,7
1005,1255,1
1005,1257,2
1006,985,3
1006,1003,7
1006,1004,4
1006,1008,3
1006,1159,3
1006,993,2
1006,994,6
1006,995,7
1007,1008,2
1007,1078,3
1007,1084,2
1007,1091,2
1007,1099,2
1007,1159,5
1008,1003,3
1008,1004,9
1008,1078,5
1008,1091,7
1008,1159,7
1008,1176,3
1008,1177,3
1008,996,2
1009,21,2
1009,985,4
1009,1004,1
1009,1006,18
1009,1010,2
1009,987,2
1009,1094,5
1009,1099,2
1009,1123,2
1009,1131,2
1009,1159,10
1009,1218,3
1009,1163,5
1009,1176,3
1009,1177,5
1009,994,5
1009,1255,2
1010,1008,2
1010,1009,1
1010,1078,3
1010,1091,2
1010,1123,2
1010,1136,4
1010,1159,8
1010,1163,6
989,980,2
989,985,1
989,1094,10
989,1159,6
989,1205,2
989,994,7
989,997,1
990,1159,2
990,994,3
990,995,1
1012,21,1
1012,980,3
1012,985,9
1012,1027,3
1012,1028,2
1012,1030,1
1012,1043,1
1012,1046,9
1012,1048,5
1012,1057,2
1012,1058,4
1012,1068,6
1012,1159,6
1012,1161,4
1012,1205,2
1012,1206,3
1012,993,2
1012,994,14
1012,995,2
1012,1241,7
1012,1247,2
1013,1067,3
1013,1068,1
1014,1067,3
1014,1068,1
1015,1067,3
1015,1068,1
1016,1067,3
1016,1068,1
1017,1067,3
1017,1068,1
1018,1067,3
1018,1068,1
1019,1067,3
1019,1068,1
1020,1067,3
1020,1068,1
1021,1067,3
1021,1068,1
1022,1067,3
1022,1068,1
1023,1067,3
1023,1068,1
1024,1067,3
1024,1068,1
1025,1067,3
1025,1068,1
1026,1067,3
1026,1068,1
1027,1029,4
1027,1030,2
1027,1043,3
1027,1067,2
1027,1068,1
1028,1027,11
1028,1030,2
1028,1043,22
1028,1048,19
1028,1067,6
1028,1068,1
1028,1159,3
1028,1176,3
1028,1177,6
1028,994,5
1028,1242,3
1028,1248,3
1029,1067,3
1029,1068,1
1030,1043,3
1030,1048,2
1030,1067,1
1030,1068,1
1031,1067,3
1031,1068,1
1032,1067,3
1032,1068,1
1033,1028,3
1033,1043,1
1033,1046,3
1033,1067,1
1033,1068,1
1034,1067,3
1034,1068,1
1035,1067,3
1035,1068,1
1036,1067,3
1036,1068,1
1037,1067,3
1037,1068,1
1038,1067,3
1038,1068,1
1039,1067,3
1039,1068,1
1040,1067,3
1040,1068,1
1041,1067,3
1041,1068,1
1042,1067,3
1042,1068,1
1043,1067,3
1043,1068,1
1044,1067,3
1044,1068,1
1045,1028,3
1045,1043,1
1045,1046,3
1045,1067,1
1045,1068,1
1046,1028,5
1046,1043,5
1046,1048,3
1046,1068,1
1046,1159,2
1046,994,3
1047,1067,3
1047,1068,1
1048,1043,3
1048,1068,1
1048,1159,2
1048,994,6
1049,1048,3
1049,1068,1
1049,1159,2
1049,1187,4
1049,994,3
1049,1248,3
1050,1048,3
1050,1068,1
1050,1159,2
1050,1188,4
1050,994,4
1050,1248,3
1051,1043,4
1051,1048,6
1051,1067,3
1051,1068,1
1051,1159,2
1051,994,3
1052,1067,3
1052,1068,1
1053,1048,3
1053,1068,1
1053,1159,2
1053,1189,4
1053,994,3
1053,1248,3
1054,1048,3
1054,1068,1
1054,1159,2
1054,1217,4
1054,994,3
1054,1248,3
1055,1048,3
1055,1068,1
1055,1159,2
1055,1191,4
1055,994,3
1055,1248,3
1056,1048,3
1056,1068,1
1056,1159,2
1056,1203,4
1056,994,3
1056,1248,3
1057,980,2
1057,1030,2
1057,1048,12
1057,1067,1
1057,1068,1
1057,1154,4
1057,1159,3
1057,994,3
1057,1248,6
1058,1030,4
1058,1048,17
1058,1067,2
1058,1068,1
1058,1157,6
1058,1159,7
1058,994,3
1058,1248,5
1059,1030,2
1059,1048,10
1059,1067,1
1059,1068,1
1059,1154,4
1059,1159,2
1059,994,3
1060,1048,3
1060,1068,1
1060,1159,2
1060,1218,5
1060,994,4
1060,1249,4
1061,1067,3
1061,1068,1
1062,1067,3
1062,1068,1
1063,1064,20
1065,1072,11
1067,1064,10
1067,1068,2
1067,1071,1
1068,1013,3
1068,1014,3
1068,1015,3
1068,1016,3
1068,1017,3
1068,1018,3
1068,1019,3
1068,1020,3
1068,1021,3
1068,1022,3
1068,1023,3
1068,1024,3
1068,1025,3
1068,1026,3
1068,1027,4
1068,1028,4
1068,1029,13
1068,1030,4
1068,1031,3
1068,1032,3
1068,1033,4
1068,1034,3
1068,1035,3
1068,1036,3
1068,1037,3
1068,1038,3
1068,1039,3
1068,1040,3
1068,1041,3
1068,1042,3
1068,1043,18
1068,1044,3
1068,1045,4
1068,1047,3
1068,1049,4
1068,1050,4
1068,1051,4
1068,1052,3
1068,1053,4
1068,1054,4
1068,1055,4
1068,1056,4
1068,1057,4
1068,1058,4
1068,1059,4
1068,1060,4
1068,1061,3
1068,1062,3
1068,1063,258
1068,1065,133
1068,1066,7
1068,1067,27
1068,1069,215
1068,1070,13
1068,1071,48
1068,1072,34
1070,1066,41
1070,1069,1
1070,1072,11
1070,1073,6
1077,21,1
1077,985,2
1077,1136,8
1079,1078,3
1079,1084,1
1079,1089,11
1079,1090,7
1079,1091,2
1079,1099,1
1079,1100,7
1079,1154,3
1080,1078,2
1080,1092,7
1080,1106,3
1081,1078,10
1081,1092,12
1081,1107,3
1082,1074,8
1082,1078,2
1082,1086,1
1082,1092,10
1082,1108,3
1083,1075,8
1083,1078,2
1083,1092,10
1083,1109,3
1084,1079,2
1084,1080,2
1084,1081,2
1084,1082,2
1084,1083,2
1084,1085,2
1084,1086,2
1084,1087,2
1084,1088,2
1084,1090,2
1084,1092,3
1084,1093,2
1084,1095,2
1084,1096,2
1084,1097,2
1084,1098,2
1084,1100,2
1084,1101,2
1084,1102,6
1084,1103,2
1084,1104,2
1084,1106,2
1084,1107,3
1084,1108,3
1084,1109,3
1084,1110,3
1084,1111,3
1084,1112,3
1084,1113,2
1084,1114,3
1084,1115,2
1084,1116,2
1084,1142,3
1084,1143,3
1084,1144,3
1084,1145,3
1084,1146,3
1084,1147,3
1084,1148,3
1084,1159,35
1084,1161,2
1084,1163,28
1084,1250,3
1084,1251,5
1084,1253,3
1084,1254,5
1084,1255,7
1084,1258,4
1085,1078,2
1085,1092,10
1085,1110,3
1086,1078,2
1086,1092,10
1086,1099,6
1086,1111,3
1087,1078,2
1087,1092,10
1087,1099,5
1087,1112,3
1088,1078,4
1088,1084,2
1088,1089,13
1088,1090,13
1088,1091,4
1088,1092,7
1088,1099,2
1088,1101,9
1088,1157,5
1088,1163,2
1089,1078,4
1089,1090,2
1089,1099,1
1089,1159,2
1090,1091,1
1090,1159,2
1091,1078,1
1092,1078,2
1092,1090,4
1092,1159,2
1093,1076,8
1093,1078,2
1093,1086,1
1093,1092,10
1093,1114,3
1094,21,7
1094,980,8
1094,985,8
1094,1078,4
1094,1084,2
1094,1096,3
1094,1099,3
1094,1154,5
1094,1157,6
1094,1159,22
1094,1205,2
1094,1163,2
1094,1176,6
1094,1177,11
1094,1181,7
1094,993,2
1094,994,16
1094,995,7
1094,1254,7
1094,1255,6
1094,1256,2
1094,1257,2
1095,1078,4
1095,1090,2
1095,1092,9
1095,1115,5
1096,1078,3
1096,1084,1
1096,1089,10
1096,1090,10
1096,1091,2
1096,1099,1
1096,1103,8
1096,1176,3
1096,1177,3
1096,996,2
1097,1077,11
1097,1078,2
1097,1092,9
1097,1116,3
1098,1078,3
1098,1082,1
1098,1084,1
1098,1089,11
1098,1090,6
1098,1091,2
1098,1099,1
1098,1104,8
1098,1159,2
1099,980,4
1099,1086,3
1099,1087,1
1099,1094,10
1099,1097,1
1099,1186,3
1099,1187,5
1099,1188,5
1099,1189,5
1099,1190,5
1099,1191,5
1099,1203,5
1099,1217,5
1099,1218,3
1099,1219,3
1099,1163,22
1099,994,4
1099,1257,2
1100,980,2
1100,1079,10
1100,1154,2
1100,1159,6
1101,980,2
1101,1088,7
1101,1157,2
1101,1159,10
1102,1100,6
1102,1101,6
1102,1103,7
1102,1104,6
1102,1159,7
1103,1096,7
1103,1159,9
1103,1162,3
1103,1176,10
1103,1177,2
1104,1098,5
1104,1159,10
1104,1162,2
1104,1181,2
1105,1092,3
1105,1184,3
1105,1206,2
1106,1078,5
1106,1080,6
1106,1092,2
1106,1105,2
1106,1186,2
1106,1206,2
1107,1081,4
1107,1105,3
1107,1187,2
1107,1206,2
1108,1074,3
1108,1082,4
1108,1105,3
1108,1188,2
1108,1206,2
1109,1075,3
1109,1083,4
1109,1105,3
1109,1189,2
1109,1206,2
1110,1085,4
1110,1105,3
1110,1190,2
1110,1206,2
1111,1086,4
1111,1105,3
1111,1191,2
1111,1206,2
1112,1087,4
1112,1105,3
1112,1203,2
1112,1206,2
1113,1105,1
1113,1106,3
1113,1107,3
1113,1108,3
1113,1109,3
1113,1110,3
1113,1111,3
1113,1112,3
1113,1114,3
1113,1115,6
1113,1116,3
1113,1117,3
1113,1163,13
1114,1076,3
1114,1093,4
1114,1105,3
1114,1206,2
1114,1217,2
1115,1092,2
1115,1095,6
1115,1105,2
1115,1206,2
1115,1218,2
1116,1077,3
1116,1097,6
1116,1105,2
1116,1206,2
1116,1219,2
1117,1105,2
1117,1206,2
1117,1220,2
1118,1078,3
1118,1090,1
1118,1091,2
1118,1123,1
1118,1128,7
1118,1129,4
1118,1136,12
1118,1138,3
1118,1154,3
1118,1159,2
1118,1172,1
1119,1078,3
1119,1130,8
1119,1221,4
1120,1078,3
1120,1130,8
1120,1222,3
1121,1074,8
1121,1078,3
1121,1130,7
1121,1223,3
1122,1075,8
1122,1078,3
1122,1130,7
1122,1136,1
1122,1233,3
1123,1118,2
1123,1119,2
1123,1120,2
1123,1121,2
1123,1122,2
1123,1124,2
1123,1125,2
1123,1126,2
1123,1127,2
1123,1129,1
1123,1130,1
1123,1132,2
1123,1133,2
1123,1134,2
1123,1135,2
1123,1136,1
1123,1137,2
1123,1138,2
1123,1139,2
1123,1141,2
1123,1159,11
1123,1161,2
1123,1221,2
1123,1222,2
1123,1223,2
1123,1233,2
1123,1234,2
1123,1235,2
1123,1236,2
1123,1237,2
1123,1238,2
1123,1239,2
1123,1240,2
1123,1163,17
1123,1255,2
1124,1078,3
1124,1130,7
1124,1136,1
1124,1234,3
1125,1078,3
1125,1130,7
1125,1136,6
1125,1235,3
1126,1078,3
1126,1130,7
1126,1136,6
1126,1236,3
1127,1078,3
1127,1091,4
1127,1123,2
1127,1128,8
1127,1129,9
1127,1130,7
1127,1136,15
1127,1139,3
1127,1157,9
1127,1163,2
1128,1078,4
1128,1099,2
1128,1129,2
1128,1159,2
1129,1091,2
1129,1159,2
1130,1129,4
1130,1159,2
1131,21,33
1131,980,3
1131,985,21
1131,1077,3
1131,1078,5
1131,1123,1
1131,1134,3
1131,1136,7
1131,1154,7
1131,1157,6
1131,1159,18
1131,1186,4
1131,1187,3
1131,1188,4
1131,1189,4
1131,1190,4
1131,1191,4
1131,1203,4
1131,1217,4
1131,1218,4
1131,1219,4
1131,1163,16
1131,1176,3
1131,1177,7
1131,993,2
1131,994,10
1131,995,7
1131,1255,4
1131,1256,2
1131,1257,2
1132,1076,8
1132,1078,3
1132,1130,7
1132,1136,1
1132,1237,3
1133,1078,3
1133,1130,7
1133,1238,3
1134,1078,3
1134,1091,2
1134,1123,1
1134,1128,9
1134,1129,3
1134,1136,6
1134,1141,3
1134,1159,2
1134,1176,4
1134,1177,3
1134,996,2
1135,1077,7
1135,1078,3
1135,1130,7
1135,1239,3
1136,21,1
1136,985,3
1136,1077,2
1136,1140,4
1136,1159,22
1136,1205,2
1136,1163,16
1136,1250,3
1136,1251,5
1136,1253,3
1136,1254,5
1136,1255,6
1137,1078,2
1137,1130,3
1137,1240,3
1138,1118,10
1138,1159,2
1138,1172,3
1139,1127,7
1139,1159,3
1139,1173,3
1140,1138,6
1140,1139,6
1140,1141,7
1140,1159,6
1141,1134,7
1141,1159,3
1141,1174,9
1141,1176,3
1142,985,3
1142,1078,3
1142,1081,4
1142,1092,3
1142,1107,2
1143,985,3
1143,1074,1
1143,1078,3
1143,1082,4
1143,1092,3
1143,1108,2
1144,985,3
1144,1075,1
1144,1078,3
1144,1083,4
1144,1092,3
1144,1109,2
1145,985,3
1145,1078,3
1145,1085,4
1145,1092,3
1145,1110,2
1146,985,3
1146,1078,3
1146,1086,4
1146,1092,3
1146,1111,2
1147,985,3
1147,1078,3
1147,1087,4
1147,1092,3
1147,1112,2
1148,985,3
1148,1076,1
1148,1078,3
1148,1092,3
1148,1093,4
1148,1114,2
991,980,5
991,988,10
991,1158,2
991,1159,10
991,1161,4
991,1176,4
991,1177,5
991,993,1
991,994,13
991,995,1
991,997,2
992,1159,5
992,1176,4
992,1177,2
992,993,1
992,994,4
992,995,1
1149,1008,7
1149,1159,8
1149,1162,2
1149,1176,9
1149,1177,1
1150,1159,1
1151,1156,1
1151,1157,10
1151,1159,4
1151,1162,2
1152,1156,1
1152,1157,10
1152,1159,6
1152,1162,3
1153,1159,2
1154,1159,2
1155,1159,7
1155,1160,3
1155,1162,1
1155,1187,7
1155,1188,7
1155,1191,7
1155,1203,7
1155,1218,9
1155,1163,2
1155,1255,13
1155,1256,11
1155,1257,3
1156,1157,2
1157,1159,3
1158,988,7
1158,1159,3
1158,1205,2
1158,1163,2
1158,1174,5
1158,1176,1
1160,1154,7
1160,1157,8
1160,1159,17
1160,1200,2
1160,1204,12
1160,1207,2
1160,1208,2
1160,1209,2
1160,1210,2
1160,1211,2
1160,1212,2
1160,1213,2
1160,1214,2
1160,1216,2
1160,1238,2
1160,1163,23
1160,1166,6
1160,1167,6
1160,1168,5
1160,1176,4
1160,1177,6
1161,1149,7
1161,1159,27
1161,1162,1
1161,1205,4
1161,1206,10
1161,1164,1
1161,1165,5
1161,1170,3
1161,1171,3
1161,1172,6
1161,1173,6
1161,1174,7
1161,1175,6
1161,1177,3
1161,1179,1
1161,1182,6
1162,980,2
1162,1077,6
1162,1150,5
1162,1152,1
1162,1154,38
1162,1156,2
1162,1157,32
1162,1159,116
1162,1160,2
1162,1161,9
1162,1185,2
1162,1186,7
1162,1187,7
1162,1188,7
1162,1189,7
1162,1190,7
1162,1191,7
1162,1203,7
1162,1205,7
1162,1217,7
1162,1218,3
1162,1219,7
1162,1163,64
1162,1176,37
1162,1177,36
1162,1181,32
1162,1255,1
1162,1257,2
1162,1308,1
1162,1310,2
1183,1184,2
1183,1206,2
1184,1159,1
1184,1206,7
1184,1163,3
1185,1184,2
1185,1206,2
1186,1078,2
1186,1163,2
1187,1163,2
1188,1163,2
1189,1163,2
1190,1163,2
1191,1163,2
1192,1078,31
1192,1183,2
1192,1206,1
1192,1207,1
1193,1183,2
1193,1206,1
1193,1208,1
1194,1074,3
1194,1183,2
1194,1206,1
1194,1209,1
1195,1075,3
1195,1183,2
1195,1206,1
1195,1210,1
1196,1183,2
1196,1206,1
1196,1211,1
1197,1183,2
1197,1206,1
1197,1212,1
1198,1183,2
1198,1206,1
1198,1213,1
1199,1076,3
1199,1183,2
1199,1206,1
1199,1214,1
1200,1183,2
1200,1206,1
1200,1215,1
1201,1077,9
1201,1183,2
1201,1206,1
1201,1216,1
1202,1183,2
1202,1206,1
1202,1220,1
1203,1163,2
1204,21,4
1204,985,11
1204,1077,1
1204,1078,4
1204,1086,4
1204,1087,2
1204,1159,1
1204,1160,12
1204,1186,2
1204,1187,2
1204,1188,2
1204,1189,2
1204,1190,2
1204,1191,2
1204,1203,2
1204,1206,10
1204,1207,4
1204,1208,4
1204,1209,4
1204,1210,4
1204,1211,4
1204,1212,4
1204,1213,4
1204,1214,4
1204,1216,4
1204,1217,2
1204,1218,4
1204,1219,2
1204,1163,36
1205,1074,2
1205,1075,2
1205,1076,2
1205,1077,2
1205,1150,2
1205,1183,4
1205,1185,4
1205,1192,3
1205,1193,3
1205,1194,3
1205,1195,3
1205,1196,3
1205,1197,3
1205,1198,3
1205,1199,3
1205,1200,3
1205,1201,3
1205,1202,3
1205,1206,7
1205,1221,3
1205,1222,3
1205,1223,3
1205,1224,2
1205,1225,2
1205,1226,2
1205,1227,2
1205,1228,2
1205,1229,2
1205,1230,2
1205,1231,2
1205,1232,2
1205,1233,3
1205,1234,3
1205,1235,3
1205,1236,3
1205,1237,3
1205,1238,3
1205,1239,3
1205,1240,5
1205,1163,42
1206,980,12
1206,1074,1
1206,1075,1
1206,1076,1
1206,1077,11
1206,1078,1
1206,1086,2
1206,1087,2
1206,1159,12
1206,1186,6
1206,1187,18
1206,1188,18
1206,1189,18
1206,1190,18
1206,1191,18
1206,1203,18
1206,1217,18
1206,1218,29
1206,1219,18
1206,1163,137
1207,1078,3
1207,1186,1
1208,1187,1
1209,1188,1
1210,1189,1
1211,1190,1
1212,1191,1
1213,1203,1
1214,1217,1
1215,1218,1
1216,1077,2
1216,1219,1
1217,1163,2
1218,1163,2
1219,1077,2
1219,1163,2
1220,1163,2
1221,1078,10
1221,1185,2
1221,1206,1
1221,1207,1
1222,1185,2
1222,1206,1
1222,1208,1
1223,1074,13
1223,1185,2
1223,1206,1
1223,1209,1
1224,1150,2
1224,1222,2
1225,1074,4
1225,1150,2
1225,1223,2
1226,1075,4
1226,1150,2
1226,1233,2
1227,1150,2
1227,1234,2
1228,1150,2
1228,1235,2
1229,1150,2
1229,1236,2
1230,1076,4
1230,1150,2
1230,1237,2
1231,1150,2
1231,1238,2
1232,1077,4
1232,1150,2
1232,1239,2
1233,1075,13
1233,1185,2
1233,1206,1
1233,1210,1
1234,1185,2
1234,1206,1
1234,1211,1
1235,1185,2
1235,1206,1
1235,1212,1
1236,1185,2
1236,1206,1
1236,1213,1
1237,1076,13
1237,1185,2
1237,1206,1
1237,1214,1
1238,1185,2
1238,1206,1
1238,1215,1
1239,1077,19
1239,1185,2
1239,1206,1
1239,1216,1
1240,1150,2
1240,1185,2
1240,1206,1
1240,1220,1
1163,1159,1
1164,1165,1
1165,1159,5
1165,1162,2
1165,1168,1
1165,1176,5
1166,1154,1
1167,1157,1
1168,1176,1
1168,1177,1
1169,1156,1
1169,1157,9
1169,1159,2
1169,1162,1
1170,1150,1
1170,1159,1
1170,1172,2
1171,1150,1
1171,1159,2
1171,1173,2
1172,980,2
1172,1159,5
1172,1166,1
1173,980,2
1173,1159,9
1173,1167,1
1174,1159,8
1174,1162,2
1174,1168,1
1174,1176,9
1175,1159,4
1175,1162,1
1175,1180,5
1175,1181,1
1176,1159,1
1177,1159,1
1177,1176,5
1178,1159,1
1178,1162,2
1178,1176,6
1178,1177,7
1179,1165,1
1181,1159,2
1182,1159,2
1182,1162,2
1182,1176,10
1182,1177,9
993,990,1
993,998,1
997,13,2
997,1005,1
997,990,2
997,1012,1
997,1094,2
997,991,2
997,1154,9
997,1157,11
997,1159,22
997,1186,3
997,1187,3
997,1188,3
997,1189,3
997,1190,3
997,1191,3
997,1203,3
997,1217,3
997,1218,3
997,1219,3
997,1163,15
997,1174,3
997,1176,8
997,1177,9
997,1181,13
997,994,5
997,1246,1
998,1159,2
998,994,2
998,995,1
1243,980,3
1243,1241,1
1243,1248,1
1243,1249,1
1244,980,7
1244,1241,1
1244,1242,1
1244,1248,1
1245,986,6
1245,1161,4
1245,994,10
1246,980,4
1246,990,2
1246,1159,2
1246,994,6
1246,995,2
1246,1245,4
1246,1247,1
1246,999,1
999,1159,3
999,1161,5
999,993,1
999,994,7
999,995,1
1250,980,2
1250,1159,3
1250,1255,8
1251,980,2
1251,1159,3
1251,1255,15
1253,1159,3
1253,1206,7
1253,1163,2
1253,1255,1
1254,980,2
1254,1159,3
1254,1255,8
1255,1159,2
1256,980,12
1256,1206,4
1256,1250,2
1256,1251,2
1256,1253,2
1256,1254,2
1256,1255,45
1256,1258,2
1257,980,9
1257,1154,4
1257,1157,5
1257,1159,42
1257,1161,9
1257,1162,2
1257,1205,6
1257,1206,18
1257,1163,5
1257,1176,5
1257,1177,4
1257,1181,4
1257,1250,4
1257,1251,8
1257,1253,2
1257,1254,8
1257,1255,39
1257,1256,14
1257,1258,6
1258,980,2
1258,1159,3
1258,1255,7
1262,1078,3
1262,1263,2
1264,980,4
1264,1000,3
1264,990,2
1264,1078,5
1264,1159,4
1264,1161,4
1264,1162,5
1264,1177,3
1264,993,3
1264,997,5
1264,998,1
1264,1262,15
1264,1263,2
1265,980,11
1265,1003,8
1265,1006,4
1265,1009,20
1265,1078,14
1265,1151,2
1265,1159,5
1265,1161,12
1265,1162,15
1265,1169,4
1265,1177,11
1265,994,6
1265,997,9
1266,980,18
1266,980,38
1266,1012,56
1266,1159,11
1266,1243,3
1266,1244,18
1267,1074,9
1267,1079,25
1267,1082,4
1267,1084,14
1267,1088,14
1267,1092,18
1267,1095,14
1267,1096,3
1267,1098,2
1267,1159,6
1267,997,19
1267,1255,3
1267,1257,7
1267,1268,20
1268,21,2
1268,985,9
1268,1074,17
1268,1075,57
1268,1076,21
1268,1078,3
1268,1080,3
1268,1082,3
1268,1083,3
1268,1086,4
1268,1087,4
1268,1090,1
1268,1091,1
1268,1092,110
1268,1093,3
1268,1095,3
1268,1113,8
1269,980,6
1269,1074,9
1269,1075,9
1269,1076,9
1269,1092,2
1269,1094,20
1269,1176,2
1269,1177,5
1269,994,2
1270,1078,3
1270,1263,5
1271,1263,3
1272,980,3
1272,990,16
1272,1078,5
1272,1131,4
1272,1139,4
1272,1157,5
1272,1159,14
1272,1161,22
1272,1162,25
1272,1173,2
1272,1176,9
1272,1177,35
1272,993,12
1272,997,11
1272,998,6
1272,1262,12
1272,1263,29
1272,1264,23
1272,1270,6
1272,1271,3
1274,980,5
1274,985,5
1274,1094,32
1274,1151,9
1274,1159,3
1274,1161,7
1274,1162,13
1274,1177,6
1274,994,5
1275,1151,5
1275,1152,5
1275,1159,2
1275,1161,5
1275,1162,15
1275,1169,5
1276,1074,5
1276,1075,5
1276,1076,5
1276,1160,44
1276,1205,27
1277,983,10
1277,984,3
1277,1159,4
1277,1161,10
1277,1162,3
1277,1205,7
1277,1176,7
1277,1177,13
1278,979,7
1278,1159,5
1278,1161,12
1278,1205,5
1278,1176,6
1278,1177,12
1279,1159,5
1279,1161,8
1279,1205,7
1279,1176,7
1279,1177,14
1279,1273,11
1280,980,5
1280,985,5
1280,1094,32
1280,1159,3
1280,1161,7
1280,1162,12
1280,1169,8
1280,1177,6
1280,994,5
1281,1074,1
1281,1075,1
1281,1076,1
1281,1078,4
1281,1159,26
1281,1161,14
1281,1162,17
1281,1184,2
1281,1205,28
1281,1206,11
1281,1163,12
1281,1172,17
1281,1173,20
1281,1174,15
1281,1175,46
1281,1176,6
1281,1180,1
1281,997,7
1281,1255,5
1281,1257,8
1281,1258,1
1282,983,10
1282,984,3
1282,1159,5
1282,1161,13
1282,1205,7
1282,1176,7
1282,1177,13
1283,1159,6
1283,1161,4
1283,1205,6
1283,1174,2
1283,1176,5
1283,1177,2
1283,1182,8
1259,112,6
1259,121,2
1259,155,2
1259,990,2
1259,1159,6
1259,1176,7
1259,1177,3
1259,994,1
1260,980,5
1260,1003,10
1260,1004,4
1260,1005,7
1260,1006,3
1260,990,3
1260,1078,2
1260,1094,10
1260,1131,5
1260,1159,2
1260,1161,4
1260,1162,3
1260,1177,7
1260,993,1
1260,994,2
1260,995,6
1260,998,1
1260,1262,6
1260,1263,4
1260,1264,4
1261,980,6
1261,1244,227
1284,21,1
1284,983,7
1284,984,5
1284,985,5
1285,1287,7
1288,131,30
1288,135,10
1288,251,15
1288,1285,16
1288,1286,136
1289,1288,2
1289,1290,1
1290,135,1
1290,1288,1
1291,18,16
1291,14,4
1291,15,2
1291,25,11
1291,121,3
1291,131,14
1291,146,3
1291,251,6
1291,243,4
1291,245,21
1291,705,3
1291,706,2
1291,707,6
1291,721,28
1291,1285,4
1291,1286,63
1291,1287,2
1291,1288,3
1291,1290,1
1291,1308,1
1291,1310,2
1292,15,3
1292,25,16
1292,980,2
1292,112,12
1292,131,17
1292,135,1
1292,980,6
1292,1012,6
1292,1244,1
1292,1285,8
1292,1286,7
1292,1287,2
1292,1288,68
1292,1289,2
1292,1290,1
1292,1291,1
1293,1288,3
1293,1289,4
1293,1291,1
1294,1305,3
1294,1307,6
1294,1308,9
1296,1309,2
1297,1314,2
1297,1308,2
1298,1309,2
1299,1314,2
1299,1308,5
1300,1309,2
1314,1317,3
1314,1305,3
1314,1307,6
1314,1308,8
1323,1312,4
1316,1315,13
1317,1315,2
1318,1315,4
1319,1323,5
1319,1315,4
1319,1316,8
1319,1318,2
1319,1320,1
1319,1321,2
1319,1311,3
1320,1315,9
1320,1318,1
1321,1315,12
1321,1316,3
1321,1318,15
1321,1324,2
1322,1315,10
1322,1318,41
1322,1319,10
1322,1321,2
1322,1324,3
1302,1301,2
1303,1306,1
1304,1303,12
1304,1306,4
1305,1304,10
1310,1308,3
1310,1309,2
1310,1311,3
1313,1312,4
1325,25,16
1325,111,8
1325,121,3
1325,146,3
1325,147,16
1325,155,2
1325,1315,15
1325,1316,2
1325,1318,10
1325,1319,13
1325,1320,1
1325,1321,18
1326,1315,4
1326,1318,2
1326,1319,12
1326,1321,2
1326,1322,27
1326,1324,3
