1,7,2
3,2,1
3,15,1
3,40,1
173,15,2
173,20,9
173,39,2
173,454,3
56,64,9
56,75,28
56,15,11
56,20,9
57,56,10
57,60,9
57,61,5
57,66,10
57,67,3
57,75,10
57,5,7
57,13,12
57,32,8
57,356,2
57,365,3
57,454,3
58,73,1
58,40,4
59,304,3
59,305,9
59,1397,3
59,307,2
59,908,5
59,310,2
59,311,4
59,312,3
59,1437,3
59,280,4
59,738,1
60,58,2
60,61,1
60,63,3
60,64,1
60,73,6
60,20,4
60,40,9
60,344,5
60,350,2
60,382,5
60,354,7
60,356,2
60,361,3
60,362,14
60,435,2
61,257,2
61,40,3
61,435,2
62,61,5
62,63,3
62,257,4
62,40,3
62,435,3
62,454,2
63,61,1
63,257,6
63,350,3
64,5,2
64,15,48
64,20,68
64,29,14
64,53,2
65,64,14
65,81,9
65,20,2
65,258,3
65,315,12
65,321,7
65,322,4
65,330,12
65,331,12
66,61,1
66,63,2
66,40,3
66,354,1
66,355,4
66,356,6
66,435,2
67,61,1
67,63,1
67,40,3
67,435,2
68,74,1
69,173,7
69,64,2
69,200,8
69,15,17
69,20,26
69,39,27
69,454,20
70,15,2
70,39,2
200,15,2
200,39,3
72,15,24
72,20,15
72,29,11
72,40,25
73,40,2
74,57,7
74,61,2
74,5,7
74,13,2
74,174,3
74,252,2
74,257,2
74,267,2
74,280,1
74,286,19
74,287,7
74,39,2
74,348,2
74,392,4
74,46,5
74,47,2
75,64,7
75,69,12
75,15,2
75,20,22
75,39,15
76,431,2
77,82,1
77,29,3
78,77,1
78,82,1
78,83,1
79,50,3
80,81,10
80,15,8
80,29,9
81,330,8
81,331,10
81,431,3
81,454,2
82,29,2
83,82,1
84,82,1
84,29,3
85,82,1
85,83,1
85,84,1
86,82,1
86,29,3
87,82,1
87,83,1
87,86,1
88,76,12
88,79,4
88,80,4
88,81,18
88,164,4
88,15,7
88,20,2
88,29,9
88,39,2
88,50,3
88,431,2
88,445,2
89,88,6
89,15,3
89,20,2
89,39,2
89,428,2
90,78,1
90,82,3
90,83,4
90,85,1
90,87,2
90,170,9
90,15,11
90,19,3
90,29,6
90,40,2
90,51,3
90,454,7
5,10,6
5,13,6
5,15,1
5,287,3
5,42,1
5,46,3
5,47,1
5,52,1
5,424,2
5,425,2
5,427,2
5,428,2
5,430,2
5,434,2
5,53,1
6,5,1
8,7,3
8,15,5
9,5,2
9,13,1
9,15,1
9,187,4
10,5,2
10,13,1
10,15,1
91,8,3
91,105,3
91,15,2
92,5,2
92,20,2
92,226,2
93,94,8
93,97,1
93,99,4
93,109,4
93,164,2
93,13,2
93,175,5
93,201,4
93,40,2
94,10,3
94,96,4
94,99,6
94,111,4
94,16,2
94,178,2
94,201,6
94,40,2
95,5,2
95,98,2
95,15,2
95,16,2
95,179,7
95,29,2
96,97,1
96,40,2
97,4,1
97,64,8
97,5,8
97,91,8
97,92,4
97,99,1
97,103,2
97,105,36
97,106,2
97,108,8
97,109,5
97,15,9
97,16,1
97,20,5
97,22,6
97,23,3
97,226,4
97,29,5
97,37,3
97,43,3
97,44,6
97,48,3
97,425,1
97,434,3
97,445,2
97,454,2
98,104,4
98,15,4
98,29,1
98,451,2
98,454,3
99,5,3
99,96,5
99,97,7
99,98,2
99,101,2
99,106,2
99,109,1
99,15,7
99,16,1
99,209,2
99,29,8
99,40,5
99,454,2
99,458,3
100,95,4
100,98,3
100,13,4
100,16,2
100,179,2
100,29,1
100,40,1
100,41,3
101,5,3
101,96,1
101,97,8
101,109,1
101,40,3
101,440,2
102,5,3
102,92,1
102,20,2
102,226,3
102,428,3
102,454,2
103,64,3
103,109,1
103,15,1
103,20,5
103,29,1
105,106,2
105,108,10
105,15,4
105,20,10
105,445,2
105,454,2
107,7,3
108,20,5
109,20,2
110,100,2
110,13,6
110,41,2
111,5,6
111,96,1
111,97,6
111,101,3
111,107,2
111,109,5
111,40,3
111,434,4
111,440,2
111,454,4
112,88,4
112,5,2
112,102,2
112,20,2
112,226,2
112,228,5
112,230,5
113,116,1
113,15,4
114,113,1
114,116,2
114,13,2
114,15,3
114,175,3
114,440,2
115,113,3
115,116,7
115,15,3
115,177,5
115,178,2
115,40,5
115,371,6
116,10,2
116,113,13
116,115,2
116,147,8
116,11,2
116,15,14
116,178,1
116,193,3
116,29,4
116,38,2
116,40,2
116,52,2
116,445,2
116,454,2
117,113,1
117,116,2
117,15,8
117,29,6
117,40,5
117,445,2
118,117,2
118,40,4
1507,1508,2
1507,13,3
1507,15,2
1507,175,3
1508,1507,1
1508,1509,2
1508,11,2
1508,15,2
1508,177,5
1508,178,5
1508,209,2
1508,40,2
1508,41,2
1509,2,3
1509,3,4
1509,1508,7
1509,15,5
1509,213,2
1509,177,7
1509,186,3
1509,40,2
122,5,2
122,124,3
122,125,2
122,13,2
122,175,4
123,2,3
123,3,2
123,124,10
123,125,4
123,127,4
123,177,5
123,179,3
123,206,3
123,40,2
123,344,2
124,122,2
124,123,2
124,125,12
124,127,5
124,128,2
124,132,2
124,11,3
124,16,2
124,178,3
124,207,5
124,29,6
124,40,2
124,41,3
124,449,5
124,454,4
124,465,2
125,5,2
125,126,2
125,15,2
125,16,2
125,179,6
126,125,2
126,184,2
126,197,1
127,124,2
127,125,2
128,122,2
128,124,10
128,125,2
128,15,2
128,178,1
128,179,1
128,186,4
128,29,4
128,445,3
128,454,3
128,465,1
129,133,1
130,124,2
130,125,2
130,132,3
131,127,2
131,130,2
131,134,2
131,135,4
132,124,3
132,125,3
132,127,2
132,129,2
132,133,5
132,179,3
132,445,3
134,132,3
135,124,2
135,125,2
135,129,2
135,132,3
135,133,5
136,5,2
136,138,4
136,139,2
136,13,2
136,175,4
137,138,3
137,177,5
137,40,3
138,136,1
138,137,3
138,139,12
138,11,2
138,16,2
138,178,9
138,40,2
138,41,2
139,5,2
139,140,2
139,15,1
139,16,2
139,179,4
140,139,2
140,184,2
140,197,1
141,142,2
141,13,2
141,175,2
142,5,2
142,10,2
142,11,2
142,15,11
142,178,5
142,186,2
142,40,2
142,397,3
142,403,5
142,41,2
142,419,2
143,144,2
143,164,2
143,13,2
143,15,3
143,175,4
143,201,3
143,354,6
143,356,3
143,371,3
143,450,2
144,15,6
144,29,10
144,391,2
144,454,2
145,64,8
145,65,5
145,75,4
145,147,1
145,15,17
145,20,7
145,178,1
145,39,9
146,147,4
146,13,2
146,15,3
146,175,3
146,40,2
146,371,2
147,5,4
147,10,2
147,145,8
147,11,2
147,13,3
147,15,34
147,20,12
147,178,8
147,186,2
147,29,5
147,40,13
147,41,2
147,419,2
147,440,2
147,446,5
147,454,3
148,5,1
148,13,2
148,15,2
148,175,3
148,434,1
149,2,3
149,3,2
149,13,2
149,15,7
149,186,3
149,41,1
150,13,2
150,15,6
150,199,3
151,152,1
152,154,2
152,13,2
152,15,4
152,175,3
153,2,2
153,3,3
153,154,3
153,11,2
153,15,2
153,213,2
153,178,2
153,209,5
153,40,2
154,10,2
154,149,2
154,152,2
154,153,2
154,11,2
154,15,9
154,178,4
154,40,2
154,41,2
154,419,2
155,157,8
155,13,2
155,15,3
155,175,3
156,157,21
156,15,6
156,177,4
156,178,1
156,40,3
157,155,2
157,156,2
157,11,2
157,15,4
157,178,6
157,40,2
157,41,2
157,48,3
158,152,3
158,154,3
158,13,2
158,15,4
158,175,2
11,15,1
11,52,1
159,12,4
159,15,9
159,20,3
159,29,7
159,39,3
159,40,5
160,12,11
162,12,24
162,442,6
166,12,3
167,12,15
168,12,4
170,12,38
170,162,2
170,165,6
170,169,10
170,163,2
170,454,2
163,12,13
163,162,2
164,12,15
164,454,3
171,392,1
172,12,4
172,162,2
172,169,3
172,170,5
172,171,4
13,5,4
13,11,1
13,15,2
13,16,1
13,38,1
13,40,1
13,41,1
14,434,1
15,5,1
15,16,2
15,29,7
15,438,3
17,15,6
17,48,2
18,8,2
18,15,1
19,15,4
19,29,1
19,48,2
20,15,1
21,13,3
21,48,2
173,15,2
173,20,9
173,39,2
173,454,3
211,12,2
211,214,3
211,217,2
211,219,2
211,221,1
211,222,4
211,53,2
211,454,3
211,457,5
211,467,4
212,53,2
213,2,3
213,3,6
213,15,3
213,40,7
213,348,4
213,53,2
214,222,3
214,425,1
215,211,2
215,212,1
215,213,1
215,216,1
215,218,1
215,220,1
215,221,4
215,222,1
215,48,3
215,425,5
215,437,5
215,53,25
215,449,5
215,453,2
215,454,4
216,48,3
216,53,2
216,454,2
217,214,3
217,48,3
217,53,2
217,454,2
218,53,2
218,454,4
219,53,2
219,454,2
220,53,2
221,222,1
222,425,2
222,53,2
174,61,4
174,5,2
174,10,18
174,13,19
174,15,3
174,215,3
174,176,1
174,180,1
174,182,1
174,183,2
174,187,2
174,195,4
174,201,2
174,209,4
174,240,3
174,242,2
174,287,8
174,40,3
174,395,3
174,42,2
174,45,3
174,46,13
174,47,4
174,48,15
174,52,10
174,420,6
174,424,5
174,425,6
174,427,8
174,428,2
174,429,5
174,430,7
174,434,7
174,53,5
174,449,5
174,453,2
174,454,2
174,456,2
174,458,11
174,459,2
175,5,9
175,10,2
175,13,5
175,15,2
175,209,1
175,45,8
175,425,2
175,434,3
175,440,5
175,450,2
175,454,2
175,463,2
175,464,2
176,5,4
176,10,5
176,15,2
176,420,2
176,425,1
176,434,1
176,449,6
176,453,2
177,3,3
177,11,2
177,13,4
177,15,2
177,213,2
177,196,2
177,209,1
177,40,4
177,423,5
177,458,3
178,5,8
178,6,2
178,10,6
178,13,2
178,15,5
178,16,6
178,175,4
178,179,2
178,193,2
178,38,2
178,424,1
178,454,2
179,5,6
179,15,16
179,16,6
179,17,10
179,184,3
179,197,8
179,29,27
179,48,5
179,438,4
179,53,1
179,465,5
180,15,2
180,424,2
181,15,2
181,391,2
182,5,5
182,34,3
182,425,2
182,428,4
182,429,5
182,449,9
182,453,3
183,5,3
183,13,2
183,15,2
183,46,2
183,52,2
183,430,2
183,435,2
184,5,1
184,15,1
184,197,3
184,29,1
184,53,1
185,5,2
185,10,2
185,11,2
185,15,2
185,189,3
185,207,5
185,38,1
185,40,2
186,13,8
186,15,2
186,16,2
186,209,1
186,41,2
187,2,3
187,5,8
187,13,32
187,15,11
187,16,15
187,203,7
187,209,3
187,29,11
187,32,3
187,40,15
187,41,2
187,42,2
187,454,2
188,3,2
188,5,5
188,13,6
188,15,6
188,213,2
188,192,2
188,24,2
188,261,5
188,280,3
188,287,10
188,32,5
188,40,8
188,353,3
188,359,2
188,360,3
188,375,3
188,46,9
188,422,4
188,427,6
188,434,1
188,435,2
189,11,1
189,13,4
189,15,4
189,177,3
189,178,1
189,206,5
189,29,3
189,38,3
189,40,4
189,52,1
190,2,2
190,15,3
190,436,8
190,438,2
190,465,5
191,5,3
191,13,2
191,15,2
191,46,2
191,52,2
191,430,9
191,435,2
192,11,2
192,13,4
192,15,2
192,40,6
192,46,5
192,52,5
193,11,2
193,13,4
193,15,3
193,196,2
193,199,3
193,209,1
193,38,1
193,40,2
193,354,3
193,52,2
193,423,5
194,15,2
194,20,3
194,39,2
194,454,2
195,48,3
195,434,2
196,354,5
196,356,2
196,423,2
197,5,4
197,15,8
197,29,13
197,53,5
197,465,5
198,40,3
198,432,2
199,13,4
199,15,2
199,196,2
199,209,1
199,38,2
199,423,5
200,15,2
200,39,3
201,5,2
201,10,3
201,15,7
201,185,6
201,186,1
201,202,2
201,38,2
201,40,9
201,41,2
202,13,3
202,15,5
202,199,3
202,38,1
202,40,4
202,49,3
202,458,3
203,2,3
203,3,1
203,13,10
203,15,6
203,16,2
203,21,3
203,213,2
203,209,1
203,40,10
203,41,14
203,48,9
203,52,1
203,458,2
204,211,2
204,222,2
204,53,2
204,454,5
205,222,2
205,425,2
205,53,2
206,13,2
206,15,2
206,177,6
206,178,2
206,40,3
207,5,3
207,10,2
207,11,2
207,13,1
207,15,2
207,178,5
207,450,3
310,162,3
310,15,3
310,738,2
209,52,2
209,458,3
311,162,2
311,15,3
311,738,2
311,445,2
24,40,2
25,48,3
26,8,2
26,15,3
26,29,2
26,35,1
27,15,2
27,29,1
27,35,1
27,49,2
28,8,2
28,15,1
28,35,1
223,226,2
231,99,6
231,111,3
231,15,8
231,16,3
231,194,2
231,233,2
231,29,1
232,69,2
232,15,3
232,20,2
232,231,2
232,39,2
232,428,2
232,454,2
233,15,4
233,50,3
224,15,7
224,20,4
224,48,3
225,48,3
225,428,4
226,102,1
229,226,2
234,64,9
234,69,2
234,15,5
234,20,9
234,225,3
234,39,2
234,428,2
234,454,3
230,112,1
230,226,3
230,228,7
235,5,5
235,13,12
235,15,7
235,243,2
235,244,2
235,245,2
235,246,1
235,272,1
235,280,2
235,46,3
235,435,3
237,209,2
237,242,8
237,426,2
238,61,1
238,247,2
238,280,5
238,40,3
238,422,2
238,435,2
239,241,3
239,247,3
239,280,4
239,40,4
239,348,1
239,427,2
240,5,4
240,13,5
240,15,2
240,174,5
240,209,3
240,235,10
240,237,1
240,238,2
240,239,2
240,241,7
240,243,3
240,244,3
240,245,6
240,247,4
240,257,2
240,261,1
240,280,13
240,287,10
240,46,5
240,52,2
240,426,11
240,430,2
240,435,6
241,2,5
241,3,5
241,15,7
241,247,5
241,40,1
241,348,5
241,439,2
243,13,5
243,15,4
244,13,3
244,15,5
244,247,1
244,46,6
245,209,6
245,52,2
247,236,5
29,15,1
248,65,5
248,5,1
248,13,2
248,15,1
248,20,4
248,253,8
248,258,7
248,315,3
248,39,3
248,40,3
248,377,4
248,378,6
248,380,2
248,338,12
248,339,4
248,46,6
248,435,10
249,99,7
249,111,3
249,274,1
249,280,1
249,40,2
249,435,5
249,440,2
249,454,2
250,280,1
251,280,6
251,40,2
251,340,4
251,435,3
251,454,2
252,65,5
252,215,1
252,258,3
252,273,6
252,274,1
252,280,2
252,300,14
252,39,2
252,40,3
252,341,3
252,351,3
252,435,2
252,442,6
253,315,6
253,39,6
253,435,2
301,363,1
303,15,5
303,404,2
303,407,5
303,368,1
254,280,3
254,40,2
254,343,3
254,435,2
254,454,2
305,304,6
305,307,4
305,738,2
305,454,2
1397,307,2
1397,738,1
307,15,3
307,264,2
307,738,12
307,435,5
307,450,2
307,454,8
908,307,4
908,738,2
908,454,2
310,310,1
310,307,1
310,738,2
310,435,2
311,311,1
311,307,1
311,738,2
311,435,2
312,307,2
312,738,1
1437,307,2
1437,738,1
255,20,4
255,258,8
255,315,3
255,40,3
255,345,3
255,435,3
257,61,3
257,280,7
257,282,13
257,40,4
257,340,4
257,362,6
257,46,2
257,435,6
257,454,2
258,20,2
258,315,11
258,280,11
258,39,2
258,40,2
258,351,4
258,435,3
259,250,1
259,258,6
259,315,2
259,39,2
259,351,2
259,435,2
260,250,1
260,274,2
260,280,1
260,40,2
260,435,3
261,13,9
261,15,4
261,272,1
261,435,3
261,454,2
262,265,3
262,352,2
263,20,2
263,258,5
263,315,1
263,40,3
263,383,3
263,385,7
263,435,5
265,266,1
265,280,1
265,40,3
265,348,8
265,435,4
266,250,1
266,274,1
266,348,2
266,435,2
267,69,2
267,24,1
267,252,13
267,258,1
267,274,6
267,278,5
267,280,11
267,300,1
267,39,2
267,40,3
267,353,5
267,435,3
314,315,2
315,65,1
315,5,5
315,15,9
315,20,10
315,188,5
315,39,9
315,428,5
315,435,9
315,442,6
315,450,2
315,454,4
858,315,2
317,315,2
318,315,2
1081,315,2
320,315,2
321,15,3
321,20,2
321,231,5
321,315,4
321,39,2
321,435,3
322,20,2
322,315,2
322,39,2
322,431,6
322,435,3
1150,315,2
325,315,2
326,315,2
327,315,2
328,315,2
329,315,2
330,20,2
330,315,2
330,322,4
330,39,2
330,435,3
331,20,2
331,315,2
331,322,4
331,39,2
331,435,3
332,15,2
332,264,2
332,40,5
332,396,13
332,435,5
332,450,2
332,454,10
334,332,1
334,396,2
334,400,1
334,435,2
335,332,1
335,396,2
335,401,1
335,435,2
336,315,7
336,332,9
336,396,2
337,332,1
337,396,2
337,403,1
337,435,2
268,15,2
268,20,2
268,332,16
268,334,1
268,335,1
268,336,1
268,337,1
268,274,4
268,280,8
268,40,3
268,396,6
268,400,2
268,401,2
268,402,3
268,403,2
268,365,5
268,435,3
268,442,6
269,305,1
269,1397,1
269,307,6
269,908,1
269,310,1
269,311,1
269,312,1
269,274,1
269,280,1
269,40,2
269,357,3
269,738,2
269,435,2
270,274,2
270,280,2
270,40,6
270,378,4
270,380,2
270,392,3
270,358,3
270,435,3
271,259,3
271,287,3
272,256,6
273,250,1
273,274,2
273,280,1
273,40,2
273,435,3
274,280,12
276,274,1
276,280,2
276,40,2
276,435,2
277,274,1
277,280,2
277,40,3
277,432,6
277,435,4
278,274,1
278,280,2
278,40,2
278,435,2
279,274,1
279,280,1
279,40,4
279,435,3
280,59,11
280,60,3
280,61,8
280,62,5
280,65,51
280,67,2
280,72,11
280,5,2
280,7,3
280,13,8
280,15,5
280,20,25
280,174,5
280,248,22
280,249,24
280,250,7
280,252,4
280,254,2
280,307,7
280,255,10
280,257,5
280,258,2
280,259,11
280,262,2
280,263,9
280,265,7
280,266,7
280,267,19
280,315,2
280,320,3
280,268,4
280,269,4
280,270,12
280,271,5
280,272,1
280,277,8
280,278,1
280,279,7
280,281,6
280,283,13
280,287,1
280,288,9
280,290,6
280,291,9
280,292,40
280,293,7
280,294,4
280,295,4
280,296,10
280,297,6
280,298,4
280,299,4
280,39,3
280,40,22
280,377,2
280,378,9
280,343,5
280,348,9
280,385,3
280,359,3
280,46,2
280,48,5
280,738,3
280,422,3
280,427,5
280,432,2
280,435,15
281,20,2
281,258,5
281,315,3
281,40,2
281,361,3
281,435,2
282,362,11
283,15,2
283,20,5
283,301,11
283,303,11
283,315,8
283,280,7
283,40,4
283,339,3
283,363,6
283,407,1
283,368,6
283,46,5
283,435,11
284,74,3
284,5,2
284,264,1
284,440,3
284,454,3
285,287,2
286,61,5
286,5,4
286,13,2
286,252,1
286,257,8
286,265,2
286,266,6
286,267,15
286,272,1
286,280,5
286,285,1
286,287,21
286,289,2
286,39,2
286,348,2
287,61,2
287,5,7
287,6,2
287,13,4
287,174,5
287,188,3
287,261,10
287,266,7
287,280,19
287,32,2
287,392,4
287,46,3
287,430,1
287,435,4
287,440,2
288,280,3
288,40,2
288,364,3
288,435,2
289,315,5
290,72,2
290,20,3
290,258,4
290,315,1
290,40,2
290,435,2
291,64,3
291,20,3
291,258,6
291,315,3
291,40,3
291,366,3
291,435,3
292,20,2
292,258,6
292,315,3
292,40,3
292,378,4
292,380,2
292,367,3
292,435,3
293,280,6
293,40,4
293,359,3
293,369,13
293,435,2
294,280,6
294,40,3
294,370,3
294,435,3
295,7,3
295,280,2
295,40,3
295,372,3
295,435,3
296,13,8
296,261,1
296,280,3
296,40,2
296,365,3
296,435,4
296,454,2
297,20,3
297,258,4
297,315,1
297,40,3
297,373,3
297,435,3
298,251,10
298,260,7
298,274,4
298,280,16
298,40,4
298,340,3
298,374,3
298,435,2
299,305,1
299,1397,1
299,307,6
299,908,1
299,310,1
299,311,1
299,312,1
299,274,1
299,280,1
299,40,2
299,376,3
299,738,2
299,435,2
300,258,6
300,315,2
300,280,1
300,39,2
300,351,2
300,435,2
31,48,2
31,434,1
32,48,2
33,8,2
33,15,3
33,445,1
34,48,2
35,8,2
35,15,3
35,445,1
36,48,2
38,11,1
38,15,1
40,15,1
377,15,12
377,20,4
377,378,3
378,15,4
379,15,6
379,20,2
379,39,4
379,377,4
379,378,1
380,15,4
380,378,1
338,13,4
338,20,3
338,39,3
338,40,4
338,377,4
338,378,3
338,379,3
338,339,5
339,13,5
339,15,9
339,196,3
339,209,3
339,38,3
339,40,6
339,423,5
339,458,3
340,40,2
340,348,3
341,15,3
341,209,2
341,39,3
341,40,6
341,348,2
341,351,8
341,458,5
342,15,2
342,209,2
342,40,8
342,458,3
343,15,5
343,16,1
343,29,7
343,40,2
343,445,1
344,2,9
344,3,6
344,15,34
344,17,1
344,213,3
344,209,1
344,29,5
344,257,4
344,40,11
344,350,4
344,382,2
344,354,9
344,356,1
344,362,9
344,439,2
344,458,3
345,15,5
345,20,3
345,40,2
345,346,4
345,348,1
345,447,2
346,1,3
346,15,4
346,209,1
346,40,2
346,348,4
347,2,2
347,3,7
347,15,3
347,209,2
347,432,1
347,439,2
347,458,3
348,15,4
348,209,2
348,40,7
348,432,1
348,458,3
349,40,2
350,15,3
350,209,3
350,257,9
350,40,4
350,349,1
350,381,2
350,382,5
381,15,2
381,257,7
381,382,1
382,15,2
382,257,3
351,15,5
351,39,5
351,40,2
351,348,4
352,7,3
352,15,5
352,29,3
352,348,2
383,15,6
383,20,4
383,209,2
383,40,6
383,385,4
383,386,2
383,447,2
383,458,3
384,385,4
384,452,3
386,15,4
386,20,4
386,48,3
353,15,2
353,24,2
353,40,6
353,348,3
353,458,3
387,15,2
388,5,2
388,15,5
388,174,5
388,272,1
388,280,2
388,40,3
388,387,1
388,389,10
388,390,2
388,393,2
388,394,2
388,427,4
389,15,20
389,29,4
389,280,4
389,39,5
389,40,2
389,348,4
389,387,4
389,390,5
390,15,4
390,389,3
391,15,2
392,171,1
392,15,4
392,29,2
392,265,4
392,266,3
392,40,3
392,348,2
392,353,4
393,15,9
393,29,8
393,272,1
393,394,4
393,438,3
393,454,2
394,15,6
394,280,4
394,39,5
394,40,2
394,348,4
394,391,1
394,393,5
394,354,10
394,356,3
395,272,1
395,280,2
395,40,3
395,393,4
395,394,2
395,427,2
396,40,5
397,13,2
397,15,2
397,177,5
397,40,2
397,396,4
398,209,2
398,40,6
398,396,1
398,458,3
399,15,3
399,40,6
399,398,2
400,15,2
400,40,3
400,399,1
401,15,2
401,40,3
401,399,1
402,15,6
402,20,6
402,40,9
402,398,1
402,399,5
402,401,2
403,15,6
403,40,5
403,398,2
354,15,4
354,181,2
354,40,2
354,391,5
354,394,1
354,356,30
355,15,4
355,40,6
355,350,2
355,356,11
355,458,3
357,15,4
357,29,6
357,40,2
357,738,4
358,2,7
358,13,4
358,15,19
358,209,2
358,40,21
358,378,7
358,445,2
358,454,2
358,458,3
359,2,6
359,3,6
359,15,22
359,213,3
359,29,5
359,40,7
359,358,4
359,439,2
359,445,3
360,15,2
360,40,2
360,348,1
360,353,2
361,164,2
361,13,3
361,15,10
361,20,4
361,203,4
361,209,3
361,40,4
361,380,2
361,358,4
361,41,2
361,445,2
361,454,2
363,13,4
363,15,10
363,20,5
363,40,4
363,339,3
363,446,3
363,448,3
404,15,12
404,20,6
404,407,1
405,412,5
405,413,1
406,405,13
406,410,5
407,15,2
407,20,2
407,410,1
408,405,17
408,406,2
408,409,7
408,410,4
408,412,7
408,413,1
409,410,5
411,15,7
411,40,4
412,413,7
413,412,1
364,13,4
364,15,25
364,16,2
364,203,4
364,209,3
364,29,10
364,288,2
364,40,3
364,41,2
364,442,6
364,445,3
364,454,3
365,2,3
365,3,4
365,13,5
365,15,4
365,213,2
365,209,4
365,40,1
365,41,2
365,52,4
366,15,3
366,20,5
366,29,1
366,40,3
366,348,3
367,164,2
367,15,8
367,20,5
367,29,5
367,40,4
367,378,3
367,358,12
367,441,2
367,454,3
368,15,7
368,40,3
368,348,6
368,408,9
368,410,2
368,411,6
369,2,6
369,3,2
369,15,8
369,52,2
369,439,2
370,15,2
370,40,3
370,346,4
370,348,1
371,15,4
371,354,8
371,356,3
372,15,3
372,29,3
372,40,2
373,15,5
373,20,5
373,29,3
373,40,3
373,348,3
374,15,15
374,209,2
374,29,2
374,40,8
374,340,4
374,344,1
374,348,1
374,48,5
374,445,2
374,458,3
375,2,4
375,3,4
375,15,6
375,190,3
375,347,4
375,438,1
376,15,4
376,29,4
376,40,2
376,738,4
376,445,2
414,15,3
414,416,4
414,418,1
414,54,3
415,15,2
415,54,3
416,15,2
416,54,3
417,15,3
417,29,1
417,40,2
417,414,1
417,415,2
417,418,5
418,15,2
418,54,2
41,13,1
41,15,1
41,16,1
41,40,1
41,52,1
42,2,2
42,13,12
42,15,1
42,16,6
42,40,9
42,52,1
45,48,3
46,13,5
46,15,1
46,52,11
47,5,2
47,46,1
49,15,4
49,48,3
50,48,4
51,48,4
419,13,2
419,15,3
420,5,2
420,10,2
420,15,2
738,15,3
422,280,2
422,40,3
422,435,1
424,15,2
426,52,2
427,280,2
427,40,3
428,15,3
428,20,2
428,39,2
429,5,2
429,428,1
430,5,3
430,13,2
430,15,2
430,46,2
430,52,2
430,435,1
432,40,3
435,5,2
435,13,4
435,15,4
435,24,2
435,261,2
435,280,2
435,287,2
435,40,4
435,422,2
435,427,3
436,10,1
436,15,3
436,40,1
437,53,2
438,15,2
438,436,2
439,2,2
439,3,3
439,15,2
440,5,20
440,13,7
440,15,2
440,20,3
440,32,4
440,425,2
440,428,5
440,434,3
440,53,1
440,454,8
443,461,1
443,462,16
444,13,4
444,15,2
444,38,3
444,40,4
444,52,2
445,5,4
445,13,5
445,15,52
445,16,5
445,26,13
445,28,4
445,29,18
445,31,5
445,32,2
445,33,4
445,35,4
445,425,1
445,434,2
445,53,1
445,440,1
446,15,2
446,20,5
446,454,1
447,5,1
447,15,4
447,20,4
447,53,1
448,15,4
448,20,6
448,454,1
449,425,8
449,453,2
449,454,4
450,53,6
450,454,2
468,469,2
469,425,3
469,450,2
469,454,2
469,456,2
454,48,13
456,425,2
456,454,1
457,454,1
458,52,21
459,164,2
467,457,3
54,8,3
54,15,2
470,5,3
470,252,2
470,261,5
470,315,5
470,270,2
470,280,2
470,287,17
470,296,5
470,442,6
470,471,6
471,248,2
471,252,7
471,259,2
471,261,5
471,273,2
471,280,12
471,281,2
471,283,2
471,288,4
471,292,2
471,296,5
471,300,2
471,454,10
472,261,4
472,270,2
472,280,8
472,287,10
472,454,2
472,470,7
472,471,21
473,261,3
473,270,2
473,280,8
473,287,10
473,454,5
473,470,5
473,471,23
474,15,7
474,174,3
474,179,3
474,29,7
482,57,12
482,60,2
482,74,30
482,75,10
482,5,4
482,13,4
482,15,11
482,174,3
482,29,2
482,252,10
482,280,49
482,298,8
482,40,12
482,348,7
482,41,2
482,52,1
482,54,3
482,481,3
483,57,6
483,60,2
483,74,15
483,75,1
483,13,1
483,192,1
483,241,1
483,242,1
483,280,10
483,40,1
483,344,1
483,351,1
483,355,1
483,362,1
483,365,1
483,46,2
483,481,34
484,74,8
484,8,3
484,147,21
484,15,4
484,29,2
484,257,10
484,280,13
484,40,2
484,42,5
484,475,12
485,64,18
485,69,3
485,15,6
485,20,3
485,174,3
485,179,3
485,29,5
485,39,2
485,481,7
486,74,3
486,5,4
486,13,4
486,15,6
486,174,3
486,280,4
486,40,6
486,348,7
486,41,2
486,52,1
486,481,3
487,74,3
487,5,4
487,13,4
487,15,6
487,174,3
487,280,5
487,40,6
487,348,7
487,41,2
487,52,1
487,481,3
488,15,2
488,348,3
1369,15,2
1369,40,2
490,56,4
490,75,5
490,15,5
490,174,3
490,179,3
490,29,6
490,39,3
490,481,9
491,57,8
491,74,37
491,75,7
491,13,28
491,15,4
491,192,3
491,241,11
491,242,11
491,252,3
491,280,24
491,40,22
491,341,4
491,344,5
491,348,22
491,351,6
491,383,5
491,384,5
491,358,3
491,361,2
491,365,11
491,367,2
491,41,4
491,46,46
491,488,1
491,1369,1
491,481,54
578,88,12
578,15,4
578,20,3
578,174,3
578,29,1
578,39,2
578,481,7
493,76,2
493,81,4
493,88,3
493,5,1
493,53,1
493,475,5
493,481,2
1344,74,4
1344,90,6
1344,147,4
1344,280,2
1344,475,4
495,57,1
495,74,5
495,147,7
495,15,3
495,280,2
495,42,1
495,469,5
495,475,5
496,74,4
496,280,1
496,42,1
496,469,7
496,475,3
497,98,4
497,481,5
498,74,4
498,99,1
498,280,1
498,42,1
498,469,5
498,475,3
498,1254,1
499,4,2
499,74,4
499,147,5
499,15,6
499,23,2
499,29,4
499,280,2
499,42,1
499,469,7
499,475,4
500,4,2
500,74,4
500,147,6
500,15,3
500,22,3
500,29,1
500,280,3
500,42,1
500,469,5
500,475,4
501,74,4
501,229,2
501,280,1
501,42,1
501,469,5
501,475,3
501,1254,1
502,74,4
502,15,5
502,23,3
502,29,5
502,280,1
502,40,2
502,42,1
502,469,5
502,475,3
502,1254,1
503,74,5
503,147,6
503,15,5
503,29,3
503,280,5
503,42,1
503,469,5
503,475,4
504,4,2
504,74,4
504,96,2
504,15,8
504,23,2
504,29,5
504,280,1
504,40,2
504,42,1
504,43,2
504,469,5
504,475,3
505,74,4
505,15,5
505,23,2
505,29,4
505,280,1
505,40,2
505,42,1
505,43,2
505,469,5
505,475,3
505,1254,1
506,4,2
506,74,4
506,280,1
506,42,1
506,469,5
506,475,3
506,1254,1
507,74,5
507,99,1
507,15,7
507,179,5
507,280,9
507,42,3
507,469,5
507,475,8
508,74,4
508,229,2
508,280,1
508,42,1
508,469,5
508,475,3
508,1254,1
509,4,2
509,74,4
509,147,3
509,16,3
509,280,2
509,42,2
509,469,7
509,475,6
509,1254,1
510,74,4
510,15,5
510,29,1
510,280,1
510,39,2
510,42,1
510,469,5
510,475,3
510,1254,1
511,74,5
511,280,2
511,42,2
511,469,6
511,475,4
512,64,2
512,69,2
512,74,5
512,88,4
512,113,2
512,116,1
512,117,1
512,147,3
512,15,6
512,20,2
512,280,4
512,39,3
512,475,5
512,481,1
513,113,1
513,117,1
513,118,3
513,475,5
514,74,5
514,117,1
514,118,3
514,147,3
514,280,2
514,475,5
515,74,5
515,117,1
515,118,3
515,147,3
515,280,4
515,475,5
516,74,4
516,15,4
516,29,2
516,280,1
516,40,2
516,42,1
516,475,3
517,74,4
517,5,4
517,13,4
517,15,6
517,174,3
517,29,1
517,280,2
517,40,3
517,41,2
517,52,2
518,74,4
518,122,1
518,162,2
518,280,3
518,42,1
518,469,5
518,475,3
519,57,1
519,74,4
519,5,4
519,122,1
519,15,3
519,174,3
519,29,3
519,280,3
519,40,2
519,42,3
519,52,2
519,481,4
520,74,5
520,147,5
520,15,3
520,29,1
520,280,4
520,40,2
520,475,6
520,481,1
521,122,1
521,124,3
521,184,2
521,29,3
521,475,3
522,57,1
522,60,1
522,74,6
522,122,3
522,132,2
522,147,10
522,15,4
522,29,2
522,280,3
522,40,2
522,42,3
522,48,3
522,54,3
522,475,9
522,481,4
523,74,5
523,147,5
523,280,2
523,475,4
523,481,1
524,147,5
524,535,6
524,475,2
524,481,1
525,125,13
525,15,5
525,16,3
525,179,6
525,29,4
525,40,3
525,359,5
525,475,6
525,481,2
526,57,1
526,74,4
526,75,1
526,122,1
526,280,2
526,535,2
527,74,4
527,75,1
527,122,2
527,145,1
527,147,5
527,280,2
527,42,1
527,475,4
528,74,4
528,122,1
528,147,5
528,162,2
528,280,2
528,42,1
528,475,4
529,74,5
529,122,2
529,132,2
529,147,7
529,15,3
529,29,1
529,280,4
529,40,2
529,42,2
529,475,7
529,481,3
530,535,3
530,481,1
531,74,4
531,5,1
531,124,2
531,13,3
531,15,4
531,29,1
531,280,1
531,42,1
531,475,5
532,74,4
532,122,2
532,147,7
532,162,3
532,280,1
532,42,2
532,475,7
532,481,6
533,535,3
533,481,1
534,74,4
534,125,4
534,147,6
534,15,2
534,280,1
534,475,5
534,481,1
535,74,4
535,147,4
535,280,1
535,475,6
535,481,1
536,74,6
536,5,1
536,122,1
536,124,2
536,13,3
536,15,4
536,29,1
536,280,4
536,42,3
536,475,7
537,74,4
537,122,1
537,147,4
537,280,1
537,42,1
537,475,6
537,481,2
538,537,2
539,74,4
539,122,1
539,15,5
539,195,4
539,29,3
539,280,2
539,40,2
539,42,1
539,475,4
540,74,4
540,15,2
540,280,1
540,42,2
540,419,4
540,440,2
540,475,5
540,481,2
541,13,4
541,15,4
541,29,2
541,40,1
541,41,2
541,42,12
541,52,2
541,475,15
542,42,4
542,475,6
543,74,4
543,75,4
543,147,43
543,280,1
543,42,1
543,475,14
543,481,6
545,74,3
545,5,4
545,110,2
545,13,2
545,174,3
545,280,1
545,52,2
545,469,5
545,1345,2
545,1346,2
1346,1345,1
547,154,2
547,15,2
547,475,3
547,481,1
548,74,7
548,5,7
548,13,7
548,15,13
548,174,5
548,29,2
548,280,4
548,40,5
548,41,3
548,52,4
548,481,4
549,74,4
549,280,1
549,469,5
549,475,2
550,74,5
550,5,7
550,147,4
550,174,5
550,280,2
550,42,3
550,458,3
550,481,2
475,74,7
475,5,9
475,147,3
475,13,5
475,15,10
475,20,1
475,174,6
475,195,4
475,209,2
475,242,3
475,29,7
475,39,1
475,40,2
475,42,3
475,52,8
475,428,7
475,440,2
475,481,10
475,675,2
551,215,3
551,53,27
551,450,2
551,456,2
552,162,2
553,162,1
553,215,3
553,53,9
553,456,2
554,164,1
556,162,3
556,170,6
556,172,4
555,169,11
555,215,3
555,53,3
555,456,2
476,16,6
477,15,4
477,17,50
477,179,1
477,48,2
477,478,3
478,15,4
478,179,3
478,29,4
478,475,3
557,74,5
557,147,7
557,15,12
557,16,8
557,29,3
557,280,2
557,40,4
557,42,3
557,475,7
558,10,3
558,93,1
558,174,9
559,5,2
559,13,2
559,175,7
559,179,2
559,475,7
560,5,4
560,13,2
560,45,4
560,475,6
561,5,2
561,16,2
561,179,2
562,5,2
562,11,2
562,13,2
562,15,3
562,16,4
562,174,2
562,175,1
562,178,6
562,179,2
562,186,2
562,40,3
562,41,2
562,561,10
562,481,3
563,195,7
563,675,2
564,74,4
564,5,3
564,174,2
564,280,1
564,32,2
564,52,1
564,481,2
565,59,4
565,74,9
565,5,9
565,147,7
565,15,3
565,174,2
565,29,1
565,280,8
565,40,2
565,42,6
565,52,7
565,481,2
479,174,4
479,425,2
479,456,2
566,57,1
566,74,5
566,147,4
566,15,2
566,280,1
566,40,2
566,42,1
566,475,4
567,74,4
567,75,1
567,145,2
567,147,9
567,15,4
567,29,5
567,280,2
567,40,2
567,42,2
567,475,6
567,481,1
568,57,2
568,74,8
568,147,15
568,15,3
568,29,1
568,280,10
568,40,3
568,42,4
568,475,17
568,481,2
569,74,7
569,147,8
569,280,9
569,42,1
569,475,5
570,57,3
570,74,19
570,75,3
570,5,6
570,147,37
570,280,16
570,42,6
570,475,26
571,74,5
571,147,5
571,280,2
571,475,7
572,74,4
572,15,3
572,29,5
572,280,1
572,40,2
572,475,3
573,74,5
573,88,2
573,147,6
573,13,2
573,15,8
573,20,3
573,29,8
573,280,4
573,40,3
573,42,2
573,475,6
574,57,2
574,65,1
574,74,7
574,147,6
574,15,6
574,29,1
574,280,9
574,40,3
574,42,1
574,475,6
575,59,1
575,74,4
575,81,6
575,147,6
575,13,2
575,15,2
575,280,4
575,475,7
576,15,3
576,16,1
576,22,3
576,179,1
576,29,3
576,475,1
576,480,4
577,480,17
577,481,1
578,89,4
578,428,2
578,480,8
480,15,2
480,475,2
480,478,5
579,57,4
579,74,6
579,75,4
579,5,2
579,147,15
579,15,6
579,29,3
579,252,5
579,280,10
579,40,3
579,42,2
579,475,21
580,242,2
580,581,3
580,583,3
581,74,4
581,147,4
581,237,1
581,242,1
581,280,1
581,475,7
582,242,2
582,581,4
582,583,3
583,242,4
583,581,7
1318,242,4
1318,581,7
585,74,4
585,147,4
585,242,1
585,280,2
585,475,3
585,581,20
586,246,4
587,858,3
587,331,3
587,272,2
587,280,6
587,285,1
587,286,6
587,287,5
587,589,3
588,252,4
588,301,2
588,303,2
588,254,4
588,258,11
588,259,5
588,261,2
588,315,5
588,335,2
588,336,5
588,268,6
588,273,1
588,274,2
588,279,2
588,280,47
588,281,2
588,283,11
588,285,2
588,287,28
588,288,13
588,290,2
588,291,8
588,292,2
588,296,4
588,297,2
588,300,1
588,589,4
588,481,28
589,285,2
589,481,3
663,57,3
663,74,6
663,75,1
663,5,1
663,147,4
663,15,26
663,29,29
663,248,3
663,280,10
663,40,2
663,378,5
663,42,3
663,475,5
663,481,1
590,57,5
590,74,6
590,75,2
590,145,1
590,147,19
590,248,1
590,280,7
590,339,2
590,475,12
590,622,1
591,74,4
591,13,1
591,15,7
591,16,3
591,29,1
591,280,1
591,42,2
591,475,5
592,74,4
592,147,5
592,15,7
592,29,1
592,280,1
592,475,4
592,481,5
1254,74,4
1254,5,1
1254,99,3
1254,15,3
1254,29,4
1254,280,1
1254,40,2
1254,42,2
1254,434,1
1254,469,5
1254,475,6
594,74,5
594,147,7
594,22,3
594,280,3
594,40,2
594,42,2
594,469,5
594,54,4
594,475,7
594,623,1
595,74,4
595,230,2
595,280,1
595,42,1
595,469,5
595,475,3
596,57,3
596,74,4
596,75,2
596,147,11
596,252,3
596,280,5
596,42,1
596,475,10
597,74,4
597,147,3
597,280,2
597,42,1
597,475,4
598,74,4
598,280,1
598,32,3
598,475,3
598,481,1
915,59,2
915,74,5
915,147,4
915,280,4
915,42,1
915,454,3
915,475,4
600,57,1
600,60,3
600,74,4
600,75,4
600,145,4
600,147,11
600,13,2
600,15,4
600,29,1
600,280,2
600,40,3
600,344,5
600,356,1
600,42,1
600,475,10
601,74,5
601,5,1
601,15,2
601,280,3
601,40,2
601,388,2
601,42,2
601,475,4
602,57,1
602,74,5
602,147,9
602,280,4
602,42,1
602,475,6
603,15,2
603,257,14
603,350,13
664,57,1
664,60,1
664,74,7
664,7,1
664,8,3
664,147,5
664,15,5
664,29,2
664,257,5
664,280,6
664,40,2
664,382,1
664,42,1
664,475,4
665,1,5
665,8,3
665,18,3
665,257,25
665,381,16
665,54,3
604,15,4
604,20,1
604,194,2
605,57,2
605,60,4
605,74,8
605,7,3
605,147,22
605,15,11
605,29,10
605,280,17
605,40,3
605,356,2
605,42,3
605,475,10
606,57,1
606,74,4
606,75,1
606,147,7
606,280,2
606,42,2
606,475,6
607,57,1
607,74,4
607,147,4
607,13,2
607,15,4
607,29,4
607,280,2
607,40,2
607,384,4
607,42,1
607,475,6
1315,74,6
1315,147,9
1315,171,3
1315,15,3
1315,29,3
1315,265,6
1315,266,3
1315,280,2
1315,287,1
1315,348,3
1315,392,3
1315,42,3
1315,475,11
608,57,1
608,74,5
608,75,1
608,147,7
608,280,3
608,42,2
608,475,6
609,57,1
609,74,5
609,75,1
609,147,4
609,252,2
609,280,4
609,610,5
610,147,3
610,42,2
610,475,9
611,57,1
611,74,5
611,75,1
611,147,4
611,280,3
611,610,5
612,57,1
612,74,5
612,75,1
612,147,4
612,280,3
612,610,5
613,57,1
613,74,5
613,75,1
613,147,4
613,280,3
613,610,5
614,57,1
614,74,5
614,75,1
614,147,4
614,280,2
614,610,5
615,57,1
615,74,5
615,75,1
615,147,4
615,280,4
615,610,5
616,57,2
616,74,7
616,75,2
616,147,4
616,13,2
616,15,4
616,29,4
616,252,3
616,280,7
616,40,2
616,42,1
616,475,6
617,74,4
617,147,11
617,268,1
617,280,2
617,42,1
617,475,10
618,65,1
618,74,4
618,147,2
618,16,3
618,22,3
618,280,2
618,42,2
618,475,9
619,57,2
619,74,9
619,75,1
619,147,3
619,15,21
619,29,16
619,248,1
619,270,1
619,280,12
619,40,3
619,378,3
619,42,1
619,475,5
620,74,7
620,147,7
620,13,2
620,15,6
620,29,7
620,280,8
620,40,4
620,42,1
620,475,8
621,74,7
621,147,7
621,13,2
621,15,6
621,29,7
621,280,8
621,40,4
621,42,1
621,475,8
622,15,7
622,22,3
622,380,3
623,15,3
623,29,1
623,40,2
623,54,3
624,57,1
624,74,6
624,147,5
624,15,4
624,29,2
624,280,3
624,40,2
624,42,1
624,475,4
624,481,1
625,74,9
625,147,3
625,15,34
625,29,24
625,280,10
625,40,9
625,42,4
625,475,8
626,57,1
626,74,4
626,75,1
626,147,7
626,280,1
626,42,1
626,475,7
627,74,6
627,147,9
627,15,9
627,29,6
627,257,1
627,280,3
627,40,3
627,344,4
627,475,7
627,481,6
628,57,1
628,74,4
628,147,4
628,13,2
628,15,2
628,192,3
628,241,2
628,242,3
628,280,2
628,40,3
628,344,2
628,348,1
628,46,6
628,475,6
628,481,7
667,4,2
667,74,4
667,5,1
667,147,7
667,23,2
667,280,1
667,37,2
667,42,1
667,434,1
667,469,5
667,475,9
668,74,6
668,147,25
668,280,4
668,42,3
668,475,23
669,74,4
669,5,1
669,147,16
669,15,3
669,280,4
669,298,1
669,40,2
669,42,5
669,434,1
669,469,5
669,475,12
629,32,3
629,42,1
629,475,3
629,481,1
630,59,1
630,65,1
630,74,4
630,81,4
630,147,4
630,15,4
630,29,1
630,280,3
630,475,5
631,65,5
631,74,13
631,75,1
631,5,6
631,145,1
631,147,3
631,15,2
631,280,12
631,42,6
631,475,22
631,604,1
632,57,1
632,74,4
632,75,1
632,280,2
632,640,1
1079,74,4
1079,15,4
1079,26,2
1079,234,2
1079,29,4
1079,280,1
1079,40,2
1079,42,1
1079,445,2
1079,469,6
1079,475,3
1079,481,1
634,57,2
634,74,5
634,75,2
634,147,12
634,15,24
634,29,21
634,280,4
634,40,6
634,380,2
634,367,5
634,42,5
634,475,15
634,622,1
634,481,7
635,74,4
635,280,1
635,42,1
635,475,1
635,626,1
636,57,1
636,74,4
636,147,4
636,15,3
636,192,3
636,241,2
636,242,4
636,29,5
636,280,2
636,283,1
636,40,4
636,344,2
636,348,1
636,42,1
636,46,3
636,475,6
636,481,6
637,2,3
637,74,5
637,147,10
637,15,11
637,29,7
637,280,3
637,40,5
637,42,3
637,475,8
637,481,2
638,74,4
638,147,5
638,280,2
638,294,1
638,42,1
638,475,4
639,74,5
639,5,1
639,15,2
639,280,3
639,40,2
639,388,1
639,395,2
639,42,2
639,475,4
640,57,1
640,74,4
640,75,1
640,280,2
640,643,1
641,65,1
641,74,4
641,147,5
641,280,2
641,42,1
641,475,5
642,74,4
642,147,4
642,15,3
642,29,4
642,280,2
642,40,2
642,475,5
643,57,1
643,74,4
643,75,1
643,147,4
643,280,2
643,475,5
644,74,4
644,147,4
644,15,5
644,29,1
644,280,4
644,298,2
644,40,3
644,475,4
645,74,5
645,15,10
645,29,2
645,280,3
645,40,3
645,42,1
645,436,3
645,438,1
645,475,4
645,481,6
646,645,3
647,74,4
647,147,9
647,280,4
647,298,3
647,40,2
647,42,2
647,475,7
647,623,1
648,74,4
648,147,12
648,280,5
648,298,4
648,40,2
648,42,2
648,54,1
648,475,8
648,623,1
649,56,3
649,72,3
649,74,4
649,147,14
649,280,4
649,298,1
649,40,2
649,42,5
649,54,1
649,475,10
649,623,1
650,57,2
650,74,4
650,75,1
650,252,2
650,280,7
650,298,2
650,54,1
650,649,3
651,74,5
651,280,3
651,54,1
651,649,2
652,57,4
652,74,4
652,75,1
652,252,2
652,280,8
652,298,2
652,54,1
652,649,2
653,74,5
653,280,5
653,298,1
653,54,1
653,649,3
654,74,4
654,280,7
654,298,2
654,54,1
654,649,3
655,74,5
655,280,6
655,54,1
655,649,2
656,57,1
656,74,4
656,280,7
656,298,3
656,54,1
656,649,3
657,57,2
657,74,5
657,280,8
657,298,3
657,54,1
657,649,2
658,74,4
658,15,2
658,280,1
658,40,3
658,42,2
658,54,2
658,475,2
658,649,2
659,57,1
659,65,2
659,74,4
659,147,11
659,252,3
659,280,5
659,42,1
659,475,10
660,65,1
660,74,4
660,147,2
660,280,2
660,475,8
661,74,4
661,81,6
661,147,6
661,13,2
661,15,2
661,280,2
661,42,2
661,475,7
662,65,1
662,74,4
662,81,4
662,147,6
662,13,2
662,15,2
662,280,2
662,42,2
662,475,7
481,56,10
481,74,2
481,75,10
481,5,8
481,13,5
481,15,17
481,20,2
481,174,3
481,179,3
481,26,2
481,29,6
481,39,6
481,40,2
481,347,4
481,348,4
481,46,2
481,52,2
481,445,6
670,15,3
670,174,3
670,179,3
670,35,3
670,445,3
675,481,4
675,1286,3
671,454,37
672,463,2
673,465,7
676,57,3
676,74,11
676,75,2
676,88,4
676,5,5
676,252,2
676,280,13
676,470,1
676,472,3
676,475,9
677,471,1
678,470,1
678,473,3
678,475,1
678,676,2
679,5,2
679,10,2
679,973,6
679,974,2
680,74,5
680,75,2
680,5,5
680,145,2
680,147,9
680,280,2
680,475,7
680,679,2
680,1438,3
682,13,2
682,175,2
682,685,2
683,15,2
683,206,3
683,40,2
683,685,2
684,12,3
685,11,2
685,15,12
685,178,2
685,185,4
685,206,1
685,207,1
685,29,4
685,40,2
685,41,2
685,454,3
685,682,1
685,683,2
685,686,2
685,687,2
686,15,2
686,177,1
686,40,3
686,683,3
686,685,3
686,687,2
686,689,1
686,690,2
686,691,2
687,15,2
687,177,1
687,40,3
687,683,4
687,685,3
687,689,1
688,15,2
688,186,3
688,685,2
690,685,1
691,685,1
691,690,1
692,74,6
692,147,10
692,280,3
692,475,5
693,65,1
693,74,6
693,5,4
693,147,4
693,15,3
693,174,3
693,29,1
693,280,4
693,52,2
693,468,3
693,481,2
694,74,5
694,147,8
694,15,3
694,29,6
694,280,2
694,475,4
694,685,2
695,74,4
695,147,5
695,280,1
695,475,3
696,5,1
696,13,1
696,475,3
697,74,4
697,147,4
697,15,4
697,29,1
697,280,1
697,475,4
698,689,1
698,690,2
698,691,2
699,73,2
699,13,5
699,20,4
699,192,3
699,40,3
699,46,2
699,700,2
699,704,3
699,707,3
699,708,2
699,701,4
699,715,7
699,702,4
703,705,2
703,706,3
704,454,2
704,703,3
704,705,1
704,707,6
704,708,5
704,714,7
704,715,5
706,454,2
706,705,2
707,704,13
707,706,3
707,715,4
708,705,1
701,57,1
701,74,2
701,13,2
701,40,2
701,46,4
701,454,2
701,699,13
701,703,7
701,706,11
701,707,1
701,709,3
701,711,3
701,716,5
709,209,5
709,704,5
709,716,4
710,15,9
710,20,6
710,40,2
710,48,3
710,445,2
710,713,3
711,15,4
711,20,3
711,40,1
711,704,3
711,707,5
711,712,4
711,714,2
711,715,5
711,716,1
712,5,1
712,15,7
712,20,3
712,40,5
712,425,1
712,450,4
712,706,4
712,710,8
712,715,7
712,716,1
713,8,3
713,15,2
713,710,4
714,15,5
714,704,9
714,707,5
714,715,7
714,716,4
715,15,2
715,209,2
715,458,3
715,703,4
715,704,2
715,707,2
715,701,5
715,716,3
715,717,7
716,15,2
716,209,2
716,458,3
716,704,2
716,706,4
716,707,2
716,715,7
717,74,2
717,15,5
717,179,3
717,188,3
717,209,2
717,29,1
717,274,6
717,280,1
717,287,5
717,40,5
717,46,3
717,435,2
717,458,6
717,460,5
717,699,2
717,704,9
717,707,2
717,702,11
702,454,4
702,699,4
702,700,4
702,704,5
702,707,8
702,715,5
702,717,6
718,74,2
718,88,3
718,147,6
718,15,1
718,29,1
718,280,1
718,42,1
718,460,3
718,475,2
718,699,8
718,703,1
718,704,4
718,701,3
718,717,2
718,702,1
718,1283,5
719,147,2
719,718,4
719,720,3
719,1073,1
720,147,2
720,42,5
720,475,5
720,718,3
720,1283,2
1397,15,3
1397,738,2
1397,445,2
1398,59,2
1398,74,5
1398,147,9
1398,15,6
1398,29,4
1398,280,4
1398,42,1
1398,454,1
1398,475,5
1398,481,1
723,2,5
723,3,4
723,15,5
723,213,2
723,40,8
723,439,2
724,16,5
724,177,2
724,179,6
724,197,3
724,29,1
724,40,2
724,725,1
724,727,3
724,728,4
724,729,3
724,730,12
724,731,3
724,739,1
725,179,1
725,29,3
725,727,4
725,730,11
725,731,12
725,738,4
726,5,2
726,13,2
726,175,4
726,729,3
726,730,2
728,177,5
728,40,2
728,724,2
728,729,14
728,730,1
728,738,4
728,741,2
728,743,2
728,764,2
728,775,9
729,11,2
729,16,2
729,178,11
729,40,2
729,41,2
729,726,3
729,727,2
729,728,2
729,730,12
729,732,2
729,764,4
729,1234,9
730,5,4
730,15,1
730,16,4
730,179,16
730,29,1
730,731,30
731,184,2
731,197,8
731,29,6
731,725,1
731,730,2
732,7,12
732,15,3
732,178,1
732,179,2
732,186,5
732,48,7
732,454,2
732,725,9
732,727,3
732,729,25
732,730,7
732,738,5
732,741,2
732,743,2
732,757,4
732,758,5
732,759,4
732,760,2
732,764,3
732,775,9
733,15,13
733,29,12
733,727,3
734,13,3
734,175,4
734,440,2
734,450,2
734,464,2
734,736,4
735,11,3
735,13,1
735,15,3
735,40,5
735,52,2
735,723,2
735,733,2
735,736,10
735,775,3
735,779,2
735,782,2
736,5,5
736,11,2
736,13,12
736,15,5
736,16,2
736,38,2
736,40,2
736,41,2
736,735,2
736,737,2
737,2,2
737,3,4
737,13,2
737,15,9
737,16,2
737,40,3
737,41,7
737,52,2
737,439,2
737,723,2
737,727,1
737,733,2
737,736,10
737,775,3
737,778,1
737,779,2
737,780,3
740,742,2
741,740,10
741,749,5
741,751,5
742,739,4
743,740,16
743,746,3
743,747,3
743,749,5
743,750,3
746,744,2
746,752,3
746,754,3
747,753,4
747,755,4
749,748,2
752,744,3
753,745,5
754,744,3
755,745,3
756,759,1
757,759,5
758,757,3
760,738,4
760,759,1
760,761,2
760,763,4
761,756,1
761,762,15
763,756,2
1366,765,1
767,5,8
767,15,11
767,16,4
767,174,3
767,29,2
767,40,2
767,42,5
767,727,3
767,733,3
769,5,8
769,11,2
769,13,3
769,15,3
769,174,3
769,40,2
769,42,4
769,52,2
769,727,6
769,733,3
770,5,4
770,767,2
770,769,2
771,454,2
772,767,1
772,771,1
773,769,1
773,771,1
1366,772,2
1366,773,2
775,7,19
775,727,3
775,729,20
775,738,8
775,764,3
775,783,1
775,784,2
780,779,2
782,781,2
783,727,3
784,776,2
784,777,2
785,74,4
785,15,5
785,29,5
785,280,1
785,40,2
785,475,1
785,786,2
786,57,2
786,74,4
786,75,2
786,15,7
786,29,8
786,252,2
786,280,3
786,40,3
786,475,2
786,727,3
786,806,4
787,74,4
787,5,2
787,174,3
787,475,4
787,806,3
788,5,2
788,175,1
788,726,3
788,729,4
788,1234,3
789,74,4
789,5,2
789,280,1
789,791,1
789,803,1
789,1234,1
790,74,4
790,5,2
790,280,1
790,791,1
790,803,1
790,1234,1
791,5,2
791,803,1
791,1338,2
792,787,5
793,787,5
794,74,4
794,280,2
794,799,5
795,15,9
795,29,6
795,40,3
795,42,2
795,727,2
795,730,6
795,797,9
796,74,5
796,15,10
796,16,3
796,179,5
796,29,8
796,280,2
796,42,2
796,475,7
796,727,1
796,807,1
797,5,3
797,15,7
797,174,3
797,29,10
797,40,3
797,42,4
797,727,2
797,730,11
797,807,1
798,74,4
798,280,2
798,799,5
799,74,4
799,5,2
799,174,3
799,280,2
799,475,4
799,806,8
799,807,1
800,15,4
800,174,4
800,179,3
800,29,3
800,733,3
801,5,2
801,475,2
801,1338,2
802,74,5
802,147,3
802,15,4
802,29,2
802,280,3
802,40,2
802,42,2
802,475,6
803,74,4
803,5,2
803,280,1
803,799,3
803,1234,1
804,74,1
804,5,1
804,805,1
804,818,1
804,1283,1
805,74,3
805,5,2
805,818,2
805,1283,4
807,806,1
808,15,4
808,29,2
808,40,2
811,5,4
811,15,6
811,29,2
811,40,2
811,42,3
811,727,2
811,764,2
1369,15,4
1369,29,5
1369,40,2
1369,727,2
813,74,4
813,5,7
813,147,5
813,13,2
813,15,4
813,16,1
813,174,3
813,29,2
813,280,2
813,40,2
813,46,2
813,475,4
813,767,11
813,815,19
814,74,4
814,5,6
814,13,1
814,174,3
814,280,1
814,46,1
814,475,1
814,767,2
814,769,13
814,770,1
814,815,19
815,475,6
815,767,4
815,770,5
816,5,3
816,174,3
816,175,1
816,726,3
816,729,6
816,738,2
816,775,3
817,5,2
817,729,6
817,738,4
817,775,5
817,816,6
817,1234,1
819,15,5
819,29,3
819,40,2
820,824,1
821,15,2
821,26,2
821,445,2
821,822,5
822,11,2
822,15,9
822,178,1
822,185,3
822,26,2
822,29,4
822,40,3
822,396,4
822,397,3
822,401,2
822,41,2
822,445,2
822,454,2
822,826,2
823,13,2
823,15,2
823,175,2
823,178,1
823,454,2
823,821,2
823,822,3
823,1213,6
824,12,3
825,15,4
825,738,2
825,454,2
825,820,2
826,15,3
826,186,3
826,822,4
827,147,5
827,14,3
827,15,4
827,29,4
827,454,2
828,147,5
828,14,3
828,15,4
828,29,4
828,454,2
829,147,5
829,14,3
829,15,4
829,29,4
829,454,2
830,147,5
830,14,3
830,15,4
830,29,4
830,454,2
831,147,5
831,14,3
831,15,4
831,29,4
831,454,2
832,122,2
832,177,1
832,179,1
832,29,1
832,40,4
832,48,2
832,833,5
832,838,3
832,839,3
832,841,5
832,842,2
833,207,1
833,40,2
833,832,4
833,835,3
833,837,1
833,838,8
833,841,4
833,842,1
834,48,3
835,15,2
835,178,1
835,179,2
835,186,2
835,29,1
835,48,4
835,833,4
835,838,4
835,841,4
835,842,2
835,844,3
836,842,1
837,5,2
837,175,4
837,48,3
837,833,2
837,838,14
837,841,3
837,842,1
837,846,2
838,48,3
839,206,4
839,40,3
839,841,3
839,842,1
840,12,5
841,16,2
841,178,5
841,207,4
841,836,5
841,837,1
841,838,8
841,842,7
842,5,3
842,16,3
842,179,4
842,836,1
842,843,2
843,184,3
843,197,2
843,836,1
843,842,3
844,122,2
844,186,3
844,29,4
844,838,3
844,841,1
844,842,1
845,122,2
845,177,1
845,179,1
845,29,1
845,40,4
845,838,4
845,839,3
845,841,5
845,842,2
845,846,5
846,207,1
846,40,2
846,837,1
846,838,4
846,841,6
846,842,1
846,845,4
846,847,3
847,15,2
847,178,1
847,179,2
847,186,2
847,29,1
847,838,1
847,841,4
847,842,2
847,844,3
847,846,4
848,74,5
848,147,4
848,280,2
848,475,1
848,855,1
849,74,4
849,5,1
849,122,2
849,147,4
849,13,4
849,15,4
849,29,2
849,280,1
849,40,1
849,41,2
849,52,2
849,475,2
849,855,2
850,57,1
850,74,4
850,5,1
850,122,3
850,147,5
850,13,4
850,15,4
850,29,2
850,280,4
850,40,1
850,41,2
850,52,2
850,475,2
850,855,2
851,57,1
851,74,4
851,5,1
851,122,3
851,147,5
851,162,2
851,13,4
851,15,6
851,29,3
851,280,2
851,40,1
851,41,2
851,52,2
851,475,2
851,855,2
852,74,4
852,280,1
852,475,2
853,74,4
853,5,1
853,122,2
853,147,5
853,13,4
853,15,4
853,29,2
853,280,3
853,40,1
853,41,2
853,52,2
853,475,2
853,855,2
854,74,4
854,147,5
854,280,1
854,475,2
854,855,1
855,475,4
1435,5,6
1435,13,5
1435,174,3
1435,481,3
1435,833,6
1435,838,33
1435,841,6
1435,846,6
857,15,3
857,194,3
857,252,4
857,259,2
857,280,3
858,15,5
858,194,2
858,445,3
859,428,2
859,858,5
860,74,3
860,5,2
861,15,4
861,174,3
861,179,3
861,29,2
861,481,9
861,858,2
861,859,8
862,480,4
863,74,2
863,5,5
863,147,7
863,42,2
863,425,1
863,475,9
863,481,4
1210,68,2
1210,74,2
1210,5,2
1210,660,2
1210,1234,1
866,865,2
867,177,1
867,40,1
867,868,1
867,871,10
867,874,3
868,179,1
868,29,9
868,874,1
868,875,2
868,878,3
870,13,2
870,175,2
870,450,2
870,869,3
870,871,2
870,873,2
870,874,2
871,177,6
871,40,2
871,868,1
871,873,8
871,874,1
872,12,5
872,875,4
873,16,2
873,185,3
873,38,2
873,41,2
873,868,4
873,869,6
873,870,5
873,871,2
873,874,9
873,877,2
873,878,2
874,16,4
874,178,1
874,179,4
874,873,4
874,875,2
875,184,3
875,197,3
875,48,3
875,868,1
875,873,1
875,874,4
876,64,2
876,15,3
876,20,3
877,178,2
877,179,1
877,199,3
877,29,5
877,48,3
877,879,5
877,873,3
877,874,5
878,15,10
878,186,5
878,29,18
878,41,2
878,879,5
878,868,2
878,873,6
878,874,2
878,876,9
941,57,1
941,74,4
941,147,5
941,15,4
941,29,4
941,280,3
941,42,1
941,475,4
941,481,2
941,878,1
881,57,2
881,74,4
881,280,4
881,475,1
881,941,2
882,475,1
882,941,2
883,74,4
883,147,5
883,15,4
883,29,4
883,280,1
883,475,3
883,481,2
884,74,4
884,147,5
884,15,4
884,29,4
884,280,3
884,475,4
884,481,2
884,876,4
885,74,5
885,5,1
885,147,10
885,15,5
885,29,2
885,280,7
885,42,2
885,475,7
885,481,2
886,13,2
886,175,2
886,887,2
887,178,1
887,185,4
887,29,4
887,38,2
887,41,2
887,886,4
887,888,2
887,889,2
888,15,6
888,178,1
888,199,3
888,29,2
888,48,3
888,887,3
889,164,2
889,15,5
889,186,4
889,29,1
889,887,7
891,74,5
891,147,3
891,280,2
891,42,2
891,475,8
891,481,3
891,887,2
891,890,9
892,898,1
892,899,3
893,5,2
893,175,5
893,48,3
893,894,29
893,896,5
893,898,1
894,48,3
895,177,13
895,40,10
895,894,17
895,896,13
895,898,9
896,16,2
896,178,20
896,40,2
896,892,4
896,893,6
896,894,4
896,895,3
896,898,28
896,899,16
896,900,3
898,5,3
898,16,3
898,179,10
898,892,6
898,899,15
899,184,2
899,197,2
899,892,2
899,898,4
900,15,3
900,186,5
900,29,1
900,48,3
900,894,2
900,896,4
900,897,2
900,898,1
901,894,10
902,57,2
902,74,5
902,75,2
902,5,1
902,147,6
902,15,5
902,29,1
902,252,2
902,280,4
902,40,2
902,42,2
902,475,5
902,481,1
903,912,4
904,48,3
904,437,2
904,53,9
905,29,1
906,905,2
907,12,5
907,161,3
907,170,7
907,15,3
907,29,2
907,910,5
908,15,3
908,738,2
908,451,3
909,905,2
910,29,7
910,905,8
910,906,2
910,909,2
910,913,4
911,905,2
913,905,2
914,478,4
914,907,1
914,910,4
915,74,5
915,147,4
915,280,4
915,42,1
915,738,2
915,475,4
915,908,3
915,1438,5
916,5,3
916,174,3
916,53,2
916,910,1
917,5,3
917,174,3
917,53,3
917,1438,3
1438,454,4
919,147,9
919,42,1
919,475,2
919,1438,5
919,1283,2
920,147,6
920,919,1
920,1283,1
921,147,6
921,919,1
921,1283,1
1423,74,4
1423,147,4
1423,280,2
1423,42,1
1423,738,2
1423,475,4
1423,908,3
1423,1438,5
923,74,4
923,280,2
923,475,3
923,481,1
923,910,1
924,13,2
924,175,2
924,179,3
924,926,2
925,12,6
926,5,1
926,11,2
926,175,1
926,178,4
926,179,4
926,40,2
926,41,2
926,48,5
926,434,1
926,924,1
926,927,2
927,5,1
927,15,10
927,179,2
927,186,4
927,29,1
927,53,3
927,924,2
927,926,7
928,215,3
928,53,3
928,456,2
929,57,2
929,74,4
929,15,4
929,29,1
929,280,3
929,42,1
929,475,6
929,924,1
930,5,2
930,13,2
930,175,3
930,179,3
930,931,2
931,11,2
931,178,4
931,179,4
931,40,2
931,41,2
931,48,3
931,930,1
931,932,2
932,5,1
932,13,1
932,15,7
932,179,2
932,186,4
932,29,4
932,434,1
932,450,2
932,931,1
933,57,1
933,74,4
933,147,4
933,195,4
933,280,3
933,475,6
934,74,4
934,5,1
934,13,3
934,15,7
934,195,4
934,29,3
934,280,1
934,42,1
934,475,7
935,2,2
935,3,1
935,177,1
935,867,3
935,868,2
935,871,5
935,874,6
936,13,2
936,175,3
936,867,4
936,870,3
936,871,5
936,873,9
936,874,2
936,935,1
936,937,7
937,11,2
937,193,3
937,38,2
937,40,2
937,41,2
937,871,3
937,873,4
937,874,5
937,936,3
938,2,6
938,3,2
938,15,9
938,178,1
938,186,4
938,29,9
938,41,2
938,868,3
938,873,5
938,874,3
938,936,2
939,74,4
939,147,5
939,15,4
939,29,3
939,280,2
939,40,1
939,42,1
939,475,4
939,481,1
940,57,1
940,74,5
940,5,1
940,15,3
940,29,1
940,280,2
940,40,3
940,936,3
940,945,3
941,74,4
941,147,5
941,15,4
941,29,4
941,280,2
941,42,1
941,475,4
941,481,2
942,59,1
942,74,4
942,5,1
942,147,8
942,15,7
942,29,6
942,280,3
942,40,3
942,42,2
942,475,7
942,481,1
942,868,1
942,873,1
942,937,1
943,74,5
943,147,5
943,15,7
943,29,5
943,280,2
943,40,3
943,42,1
943,475,4
943,481,1
943,874,3
944,481,1
944,943,2
945,57,1
945,74,5
945,5,1
945,147,7
945,15,6
945,29,4
945,280,2
945,40,3
945,42,2
945,48,2
945,475,8
945,481,1
945,936,5
946,57,1
946,74,5
946,5,1
946,122,2
946,162,2
946,15,3
946,16,2
946,280,5
946,40,2
946,42,1
946,53,1
946,475,6
947,948,3
947,949,1
947,950,10
948,949,1
952,13,2
952,175,2
952,955,2
952,956,2
953,2,2
953,3,1
953,15,5
953,177,7
953,178,1
953,29,3
953,40,2
953,948,1
953,949,2
953,955,9
953,956,1
953,959,7
953,960,1
954,12,7
955,11,2
955,178,4
955,40,2
955,41,2
955,952,2
955,953,2
955,956,3
955,958,2
956,5,3
956,16,2
956,179,4
957,184,2
958,2,5
958,3,2
958,15,18
958,178,1
958,186,6
958,29,11
958,439,2
958,955,8
958,956,1
959,947,3
959,948,1
959,951,2
959,953,1
960,959,8
961,57,2
961,74,6
961,5,1
961,147,5
961,15,4
961,29,4
961,280,4
961,42,1
961,53,1
961,475,6
961,481,2
962,13,2
962,15,2
962,175,1
962,201,3
962,963,4
962,1213,5
963,15,3
963,29,3
963,40,2
963,414,4
963,445,3
964,962,2
964,963,2
965,1262,2
966,1262,2
968,15,5
968,976,1
968,977,1
968,983,1
968,990,1
971,16,2
971,178,2
971,179,4
971,184,2
971,40,4
971,48,6
971,972,6
971,974,2
971,976,6
971,977,9
971,979,2
972,5,3
972,170,5
972,15,10
972,29,6
972,440,2
972,445,5
972,454,2
972,974,1
972,976,3
972,979,5
972,991,2
973,5,2
973,13,2
973,175,7
973,209,2
973,454,8
973,967,1
973,974,73
973,976,5
973,977,2
973,983,2
973,984,2
973,985,2
973,990,6
973,999,6
974,48,3
974,454,4
974,455,2
974,967,7
974,969,8
974,971,4
974,976,10
974,982,4
975,11,1
975,177,5
975,40,3
975,971,5
975,976,3
975,977,1
976,16,2
976,178,8
976,209,1
976,38,2
976,40,3
976,969,3
976,972,8
976,973,1
976,974,15
976,975,4
976,977,8
976,980,2
976,981,6
976,982,6
976,999,6
977,5,3
977,15,2
977,16,3
977,179,10
977,29,1
977,972,5
977,979,21
978,12,3
978,163,3
979,15,2
979,184,5
979,197,6
979,29,4
979,972,8
979,977,4
979,986,2
979,988,4
979,989,2
980,199,4
980,976,4
980,977,4
981,15,9
981,16,1
981,18,3
981,21,3
981,178,3
981,186,5
981,209,3
981,29,4
981,48,2
981,49,3
981,465,7
981,466,7
981,972,2
981,973,2
981,974,13
981,976,18
981,977,3
981,979,4
981,992,5
981,997,3
981,999,10
983,15,2
983,419,2
983,973,3
983,974,3
983,976,6
983,977,1
983,990,6
984,969,1
984,973,2
984,974,2
984,983,4
984,990,1
985,969,1
985,973,1
985,974,1
985,976,3
986,991,2
987,15,2
987,40,4
987,48,3
987,976,3
988,991,2
989,991,2
990,15,2
990,983,1
992,461,18
992,465,4
992,974,2
992,981,5
992,993,6
992,998,8
992,999,3
993,48,3
994,998,1
996,974,1
996,981,1
996,992,5
996,994,3
996,997,10
996,999,2
997,29,2
997,974,29
997,992,2
997,994,6
997,995,12
997,996,4
997,999,11
999,209,2
999,29,1
999,443,7
999,461,10
999,465,5
999,974,12
999,981,12
999,992,15
999,993,2
999,994,8
999,998,4
1000,57,3
1000,74,10
1000,75,1
1000,5,4
1000,147,8
1000,15,13
1000,248,1
1000,280,12
1000,40,2
1000,378,3
1000,339,3
1000,475,6
1000,973,2
1018,147,3
1018,42,1
1018,475,3
1018,1504,3
1018,1283,3
1504,14,3
1504,23,2
1504,30,3
1504,42,3
1001,74,4
1001,5,4
1001,147,2
1001,15,4
1001,29,1
1001,280,1
1001,475,6
1001,973,2
1001,983,2
1002,74,5
1002,5,4
1002,147,7
1002,15,3
1002,29,1
1002,280,2
1002,42,1
1002,475,6
1002,481,3
1002,973,2
1002,977,2
1003,74,5
1003,5,4
1003,147,7
1003,15,3
1003,29,1
1003,280,2
1003,42,1
1003,475,6
1003,481,3
1003,973,2
1003,977,2
1020,74,7
1020,5,4
1020,280,4
1020,475,4
1020,973,2
1020,1021,4
1020,1022,6
1024,4,3
1024,74,8
1024,5,4
1024,99,4
1024,147,18
1024,16,4
1024,195,4
1024,280,6
1024,42,5
1024,475,14
1024,973,2
1025,74,5
1025,5,4
1025,15,4
1025,29,2
1025,280,2
1025,40,2
1025,42,1
1025,475,4
1025,973,4
1026,74,6
1026,5,4
1026,122,2
1026,147,4
1026,280,3
1026,42,1
1026,475,5
1026,973,2
1027,74,4
1027,75,4
1027,5,4
1027,145,4
1027,147,11
1027,280,1
1027,42,2
1027,475,7
1027,1023,5
1028,74,8
1028,5,4
1028,15,10
1028,195,4
1028,29,6
1028,280,11
1028,40,3
1028,42,3
1028,475,7
1029,74,7
1029,5,4
1029,280,4
1029,475,2
1029,571,7
1029,973,2
1030,75,2
1030,5,5
1030,145,2
1030,147,9
1030,42,1
1031,74,4
1031,5,4
1031,147,3
1031,15,2
1031,280,3
1031,40,3
1031,42,2
1031,475,7
1031,973,2
1032,74,5
1032,5,4
1032,147,5
1032,15,3
1032,29,2
1032,280,2
1032,42,1
1032,475,5
1032,481,2
1032,973,2
1004,5,4
1004,15,3
1004,40,4
1004,475,10
1004,481,5
1004,971,7
1004,973,2
1004,974,6
1004,975,10
1004,976,25
1004,981,1
1005,74,11
1005,75,4
1005,5,8
1005,145,4
1005,147,19
1005,280,8
1005,42,4
1005,475,13
1005,973,2
1006,74,17
1006,5,32
1006,15,14
1006,29,13
1006,280,8
1006,40,6
1006,42,3
1006,461,2
1006,475,11
1006,973,43
1006,974,9
1006,976,6
1006,999,2
1503,74,5
1503,75,1
1503,5,5
1503,145,1
1503,147,6
1503,280,2
1503,475,6
1503,973,2
1008,74,4
1008,5,4
1008,162,2
1008,280,1
1008,42,1
1008,475,4
1008,481,1
1008,973,2
1009,1503,2
1009,1011,1
1010,1009,1
1011,5,2
1011,475,1
1011,1503,1
1011,1234,1
1012,1009,1
1013,74,1
1013,5,1
1013,147,1
1013,475,1
1013,973,1
1013,1503,2
1013,1438,2
1014,74,5
1014,75,1
1014,5,4
1014,145,1
1014,147,5
1014,280,2
1014,42,2
1014,475,6
1014,973,4
1015,74,5
1015,75,1
1015,5,4
1015,145,1
1015,147,5
1015,280,2
1015,475,6
1015,973,4
1033,1347,2
1034,1345,3
1035,475,4
1035,481,2
1035,974,3
1035,976,5
1035,982,2
1036,74,4
1036,5,4
1036,147,4
1036,15,1
1036,16,2
1036,29,6
1036,280,2
1036,42,1
1036,475,5
1036,481,1
1036,973,2
1036,983,1
1036,1001,1
1037,475,1
1037,481,1
1037,1036,2
1017,57,3
1017,74,14
1017,5,3
1017,147,33
1017,15,3
1017,174,1
1017,280,28
1017,40,5
1017,348,7
1017,46,2
1017,432,8
1017,475,15
1017,481,1
1017,973,3
1017,974,12
1017,976,17
1017,1248,7
1017,1234,2
1017,1235,5
1038,5,3
1038,192,3
1038,40,7
1038,344,4
1038,347,4
1038,348,4
1038,358,1
1038,359,3
1038,42,1
1038,46,3
1038,475,9
1038,481,2
1038,1039,4
1038,1338,2
1039,15,2
1039,40,2
1040,75,1
1040,145,1
1040,147,6
1040,15,4
1040,29,2
1040,40,2
1040,42,1
1040,475,2
1040,1283,2
1041,74,1
1041,5,1
1041,280,2
1041,432,2
1041,475,1
1041,1038,2
1041,1039,2
1041,1248,1
1041,1235,3
1042,74,2
1042,5,3
1042,15,5
1042,29,6
1042,280,4
1042,40,2
1042,42,1
1042,432,2
1042,475,4
1042,973,5
1042,1038,1
1042,1039,5
1042,1248,1
1042,1235,3
1043,74,1
1043,5,1
1043,280,3
1043,432,2
1043,475,1
1043,1038,2
1043,1039,2
1043,1248,1
1043,1235,3
1044,75,1
1044,145,1
1044,147,6
1044,15,4
1044,29,2
1044,40,2
1044,42,1
1044,475,2
1044,1283,2
1045,5,2
1045,1038,2
1045,1338,2
1046,5,2
1046,1038,2
1046,1338,2
1047,226,3
1048,15,8
1048,20,2
1048,29,5
1048,39,2
1048,50,2
1048,454,2
1050,5,2
1050,15,5
1050,20,5
1050,174,3
1050,179,3
1050,29,4
1050,481,9
1050,1048,6
1050,1049,13
1053,209,2
1053,454,3
1053,1062,1
1055,5,2
1055,10,2
1055,13,2
1055,15,3
1055,175,2
1055,454,2
1055,1057,4
1056,15,6
1056,177,1
1056,178,1
1056,206,3
1056,29,1
1056,40,3
1056,454,3
1056,1054,8
1056,1057,10
1056,1060,4
1056,1061,5
1056,1062,2
1057,64,2
1057,5,1
1057,11,2
1057,15,12
1057,20,6
1057,179,1
1057,207,7
1057,29,2
1057,36,3
1057,40,2
1057,41,2
1057,425,1
1057,450,2
1057,454,2
1057,1055,2
1057,1056,3
1057,1058,2
1057,1059,1
1057,1062,1
1058,164,2
1058,15,6
1058,20,4
1058,186,3
1058,1057,4
1058,1062,2
1059,209,2
1059,1062,1
1060,1061,1
1062,52,2
1063,385,2
1063,1064,4
1065,5,4
1065,11,2
1065,13,2
1065,15,8
1065,174,3
1065,29,2
1065,40,3
1065,42,3
1065,52,1
1065,458,6
1065,1057,6
1065,1062,2
1065,1069,8
1066,1065,1
1066,1069,1
1067,5,4
1067,11,2
1067,13,2
1067,15,8
1067,174,3
1067,29,2
1067,40,3
1067,42,3
1067,52,1
1067,458,3
1067,1057,6
1067,1062,3
1067,1068,17
1068,1052,2
1070,57,1
1070,74,3
1070,5,2
1070,280,2
1070,607,2
1070,1063,2
1070,1064,1
1070,1234,2
1070,1235,3
1072,226,3
1073,15,7
1073,194,2
1073,29,2
1073,1071,2
1074,15,3
1074,20,2
1074,39,2
1074,428,2
1074,1073,4
1078,74,4
1078,90,2
1078,147,7
1078,169,3
1078,15,3
1078,29,3
1078,280,7
1078,40,2
1078,42,1
1078,475,5
1078,1073,5
1075,478,1
1075,480,10
1077,74,4
1077,147,4
1077,280,3
1077,42,1
1077,475,4
1077,1073,2
1079,74,4
1079,15,4
1079,26,2
1079,29,4
1079,280,1
1079,40,2
1079,42,1
1079,445,2
1079,469,6
1079,475,3
1079,481,1
1079,1073,2
1080,226,3
1081,15,5
1081,20,1
1081,194,2
1081,224,3
1081,29,1
1082,15,3
1082,20,2
1082,39,2
1082,428,2
1082,1081,4
1083,74,4
1083,280,1
1083,42,2
1083,469,5
1083,475,4
1083,1080,1
1083,1086,6
1084,65,1
1084,74,4
1084,147,3
1084,280,2
1084,475,11
1084,1086,6
1085,15,1
1085,224,3
1085,29,1
1085,478,2
1085,480,10
1085,1086,3
1087,147,2
1087,42,1
1087,1086,2
1087,1088,4
1088,147,5
1088,14,3
1088,42,3
1088,1086,2
1089,5,1
1089,164,3
1089,15,11
1089,29,9
1089,48,3
1089,53,1
1089,1091,2
1089,1094,3
1089,1095,1
1090,5,2
1090,13,2
1090,175,4
1090,1091,13
1090,1094,4
1090,1095,2
1091,1098,1
1091,1099,1
1092,177,1
1092,206,5
1092,40,3
1092,1091,15
1092,1094,11
1092,1095,2
1092,1098,2
1093,12,4
1094,11,3
1094,16,2
1094,178,3
1094,206,1
1094,207,5
1094,40,3
1094,41,3
1094,1089,4
1094,1090,1
1094,1091,10
1094,1092,4
1094,1095,11
1094,1097,2
1095,5,3
1095,15,2
1095,16,3
1095,179,10
1095,1089,5
1095,1096,16
1096,184,3
1096,197,4
1096,29,1
1096,48,7
1096,441,3
1096,1089,1
1096,1095,3
1096,1098,1
1097,15,2
1097,186,3
1097,1089,1
1097,1094,3
1097,1095,1
1097,1098,1
1099,48,3
1099,1100,1
1101,5,3
1101,13,5
1101,38,3
1101,45,2
1101,52,2
1101,475,5
1102,74,4
1102,5,1
1102,147,5
1102,13,4
1102,15,7
1102,29,7
1102,280,1
1102,40,1
1102,41,2
1102,52,2
1102,475,4
1103,13,2
1103,475,3
1103,481,1
1103,1091,107
1103,1094,21
1103,1098,3
1104,74,4
1104,147,9
1104,280,1
1104,42,2
1104,475,5
1104,1092,2
1105,74,4
1105,147,15
1105,280,1
1105,475,3
1106,74,4
1106,147,5
1106,280,1
1106,475,3
1107,13,2
1107,184,1
1107,197,2
1107,475,4
1107,481,2
1107,1094,2
1107,1095,4
1107,1096,3
1108,74,5
1108,147,9
1108,280,2
1108,475,5
1109,74,4
1109,280,1
1109,475,3
1110,74,6
1110,147,5
1110,15,3
1110,29,1
1110,280,4
1110,42,1
1110,475,4
1111,74,5
1111,147,6
1111,280,3
1111,42,1
1111,475,4
1112,74,4
1112,147,5
1112,15,6
1112,29,4
1112,280,2
1112,475,3
1113,74,4
1113,147,5
1113,15,3
1113,29,4
1113,280,2
1113,454,2
1113,475,4
1113,481,1
1113,1095,3
1113,1096,1
1114,5,3
1114,13,2
1114,16,5
1114,175,20
1114,178,4
1114,434,1
1114,1117,11
1114,1118,2
1115,7,3
1115,177,6
1115,179,1
1115,40,3
1115,445,2
1115,1117,6
1115,1118,2
1115,1119,1
1115,1120,1
1116,12,7
1116,162,3
1117,11,2
1117,16,2
1117,178,6
1117,40,2
1117,41,2
1117,1114,1
1117,1115,2
1117,1118,10
1117,1120,1
1117,1122,2
1118,5,2
1118,15,1
1118,16,2
1118,179,3
1119,8,4
1119,15,2
1120,15,9
1120,29,4
1120,1117,4
1120,1121,8
1121,15,16
1121,29,8
1122,7,3
1122,15,2
1122,18,3
1122,186,5
1122,41,1
1122,445,2
1122,1117,13
1122,1119,1
1122,1120,2
1123,42,2
1123,45,3
1123,475,4
1124,1116,5
1125,74,15
1125,5,8
1125,147,14
1125,13,3
1125,15,7
1125,29,4
1125,280,7
1125,40,3
1125,41,3
1125,42,5
1125,45,2
1125,52,2
1125,475,24
1126,74,4
1126,13,1
1126,15,4
1126,18,1
1126,29,2
1126,280,1
1126,40,2
1126,41,1
1126,42,1
1126,45,1
1126,48,2
1126,475,3
1127,74,4
1127,147,3
1127,15,2
1127,280,2
1127,40,2
1127,42,1
1127,475,5
1127,1118,4
1128,74,4
1128,5,1
1128,13,3
1128,15,6
1128,18,2
1128,29,3
1128,280,1
1128,40,3
1128,41,3
1128,45,1
1128,48,1
1128,52,2
1128,475,3
1129,74,5
1129,147,3
1129,280,2
1129,475,4
1130,74,5
1130,147,3
1130,280,2
1130,475,4
1131,74,7
1131,5,6
1131,147,7
1131,13,10
1131,15,7
1131,29,3
1131,280,3
1131,40,3
1131,41,4
1131,52,6
1131,475,14
1132,475,1
1132,1144,2
1133,74,4
1133,5,1
1133,147,3
1133,13,4
1133,15,3
1133,29,1
1133,280,1
1133,40,1
1133,41,2
1133,52,2
1133,475,5
1134,74,4
1134,5,4
1134,13,4
1134,15,3
1134,174,3
1134,29,1
1134,280,1
1134,40,1
1134,41,2
1134,52,4
1135,475,1
1135,1144,2
1136,475,1
1136,1144,2
1137,74,4
1137,5,6
1137,13,7
1137,15,11
1137,16,3
1137,174,5
1137,29,9
1137,280,2
1137,40,4
1137,41,3
1137,52,8
1137,1146,8
1138,74,4
1138,15,6
1138,29,4
1138,280,1
1138,40,2
1138,475,2
1139,74,4
1139,5,2
1139,15,3
1139,174,3
1139,29,1
1139,280,1
1139,40,2
1139,42,1
1139,475,3
1140,74,4
1140,5,1
1140,13,4
1140,15,19
1140,16,2
1140,29,16
1140,280,1
1140,40,3
1140,41,2
1140,52,1
1140,475,3
1141,74,5
1141,147,4
1141,15,1
1141,280,2
1141,40,1
1141,475,4
1142,74,4
1142,147,7
1142,15,3
1142,29,1
1142,280,1
1142,42,2
1142,475,8
1143,74,4
1143,15,4
1143,29,2
1143,280,1
1143,40,2
1143,475,2
1143,1116,1
1144,74,4
1144,147,3
1144,280,1
1144,475,5
1146,1145,1
1147,417,2
1147,1221,2
1147,1222,3
1148,1262,2
1149,226,3
1150,15,4
1150,20,1
1150,194,2
1150,224,3
1150,225,3
1150,1151,2
1150,1152,2
1151,15,3
1151,20,2
1151,39,2
1151,428,2
1151,1150,4
1152,5,2
1152,15,15
1152,29,6
1153,15,2
1153,478,3
1153,480,11
1225,174,1
1225,1156,2
1225,1225,2
1225,1234,3
1238,303,1
1238,307,1
1238,315,1
1238,332,1
1238,287,1
1238,1225,1
1238,1225,1
1238,1238,5
1156,5,4
1156,10,5
1156,420,2
1156,425,1
1156,434,1
1158,1161,5
1159,5,2
1159,175,7
1159,450,3
1159,1161,7
1159,1162,1
1160,177,6
1160,40,2
1160,1161,5
1160,1162,1
1161,16,2
1161,177,2
1161,178,9
1161,40,3
1161,396,8
1161,401,2
1161,41,2
1161,454,3
1161,1159,3
1161,1160,5
1161,1162,9
1162,5,2
1162,16,2
1162,179,5
1162,1163,5
1163,184,3
1163,197,1
1163,1162,1
1164,13,2
1164,475,3
1164,481,3
1164,1161,7
1165,74,4
1165,75,2
1165,145,2
1165,147,7
1165,15,4
1165,29,3
1165,280,1
1165,475,3
1165,481,1
1166,5,2
1166,95,3
1166,13,2
1166,175,3
1166,1168,2
1167,95,4
1167,98,4
1167,13,2
1167,177,8
1167,179,2
1167,209,1
1167,29,1
1167,40,3
1167,1168,10
1168,95,7
1168,11,2
1168,16,2
1168,178,5
1168,40,2
1168,41,2
1168,48,3
1168,1166,1
1168,1167,2
1168,1169,2
1169,95,2
1169,96,2
1169,99,6
1169,15,2
1169,178,1
1169,186,3
1169,1168,4
1169,1170,2
1170,5,3
1170,109,2
1170,111,5
1172,57,1
1172,74,4
1172,5,4
1172,110,2
1172,13,2
1172,174,3
1172,280,2
1172,52,2
1172,469,5
1172,1168,3
1172,1345,2
1172,1346,2
1346,1345,1
1174,74,5
1174,5,4
1174,174,3
1175,74,4
1175,5,2
1175,13,2
1175,280,8
1175,287,2
1176,475,1
1176,1177,2
1177,74,3
1177,5,4
1177,147,5
1177,42,2
1177,475,9
1177,481,1
1177,1174,2
1180,226,4
1180,228,8
1181,5,2
1181,102,3
1181,20,2
1181,226,2
1181,228,3
1181,1179,2
1181,1180,4
1181,1182,4
1182,162,5
1182,165,3
1182,169,3
1182,170,6
1182,15,24
1182,16,1
1182,20,2
1182,29,8
1182,39,2
1182,40,2
1182,50,5
1182,431,2
1182,454,4
1182,1179,17
1183,13,2
1183,15,2
1183,175,1
1183,201,3
1183,1182,2
1183,1213,5
1184,15,3
1184,20,2
1184,39,2
1184,428,2
1184,1182,2
1185,74,4
1185,280,1
1185,42,1
1185,469,5
1185,475,3
1185,1254,1
1185,1180,2
1186,65,1
1186,74,4
1186,81,1
1186,147,6
1186,13,2
1186,15,2
1186,280,2
1186,42,2
1186,475,7
1187,65,1
1187,74,4
1187,147,7
1187,280,1
1187,42,2
1187,475,9
1188,15,3
1188,174,3
1188,179,3
1188,29,1
1188,454,2
1188,1182,9
1189,65,1
1189,74,4
1189,81,4
1189,147,6
1189,13,2
1189,15,2
1189,280,2
1189,42,2
1189,475,7
1189,1182,7
1264,1180,1
1191,57,1
1191,60,1
1191,65,1
1191,74,5
1191,147,5
1191,280,3
1191,42,1
1191,475,4
1191,481,1
1192,147,4
1192,15,4
1192,29,1
1192,42,1
1192,475,3
1192,1264,2
1192,1283,3
1193,65,2
1193,74,6
1193,147,13
1193,280,6
1193,42,3
1193,475,11
1194,57,1
1194,60,1
1194,74,5
1194,147,5
1194,15,1
1194,280,3
1194,42,1
1194,475,4
1194,481,1
1195,147,5
1195,42,1
1195,475,4
1195,1283,3
1196,226,3
1197,226,3
1198,226,3
1199,226,3
1200,226,3
1201,226,3
1202,164,2
1202,15,8
1202,20,2
1202,39,2
1202,40,2
1202,1203,8
1203,48,5
1204,15,3
1204,20,2
1204,39,2
1204,428,2
1204,1202,4
1205,5,2
1205,428,2
1205,429,2
1205,1204,2
1210,68,2
1210,74,2
1210,5,2
1210,660,2
1210,1234,1
1206,65,1
1206,74,4
1206,147,4
1206,252,2
1206,280,3
1206,475,10
1208,65,1
1208,74,4
1208,147,4
1208,252,2
1208,280,3
1208,475,10
1209,65,1
1209,74,4
1209,147,4
1209,252,2
1209,280,3
1209,475,10
1211,480,5
1212,480,6
1360,5,4
1360,11,1
1360,13,1
1361,5,1
1361,11,2
1361,13,3
1361,15,4
1361,40,2
1361,52,1
1361,1360,4
1361,1352,3
1362,5,3
1362,13,2
1362,15,7
1362,16,4
1362,174,3
1362,42,4
1362,1360,6
1362,1352,3
1362,1356,3
1363,454,2
1364,1361,1
1364,1363,1
1365,1362,1
1365,1363,3
1366,1364,1
1366,1365,1
1367,12,5
1367,13,3
1367,29,4
1367,1355,3
1367,1358,7
1352,15,3
1352,29,6
1353,175,3
1353,1355,4
1353,1356,1
1354,13,1
1354,16,2
1354,177,2
1354,178,2
1354,179,1
1354,206,4
1354,40,3
1354,48,7
1354,454,6
1354,1352,1
1354,1355,12
1354,1356,3
1354,1358,2
1354,1234,5
1355,5,2
1355,11,2
1355,16,2
1355,178,3
1355,207,5
1355,40,2
1355,41,2
1355,1353,1
1355,1354,2
1355,1356,7
1355,1359,2
1356,5,3
1356,15,2
1356,16,2
1356,179,9
1356,29,4
1356,1358,14
1358,184,5
1358,197,4
1358,29,4
1358,1356,2
1359,15,4
1359,16,3
1359,178,2
1359,186,3
1359,48,7
1359,454,4
1359,1352,2
1359,1355,10
1359,1356,1
1359,1234,4
1374,42,2
1374,475,2
1374,1368,1
1374,1283,3
1375,147,4
1375,475,1
1375,1283,5
1376,1360,2
1376,1361,6
1369,15,4
1369,29,2
1369,40,2
1370,1371,1
1371,147,4
1371,475,1
1371,1283,3
1372,42,1
1372,475,1
1372,1283,2
1373,147,1
1373,207,1
1373,475,1
1373,1355,2
1373,1283,4
1215,15,4
1215,1218,3
1216,15,2
1216,175,2
1216,1218,4
1217,15,2
1217,177,5
1217,40,2
1217,1218,4
1218,15,8
1218,177,2
1218,178,5
1218,186,2
1218,29,2
1218,40,3
1218,396,7
1218,403,2
1218,41,2
1218,48,3
1218,1215,2
1218,1216,2
1218,1217,5
1213,15,2
1213,175,2
1214,10,2
1214,162,2
1214,201,4
1214,40,3
1219,13,4
1219,15,4
1219,175,4
1219,440,2
1219,454,2
1219,463,2
1219,1220,2
1220,10,2
1220,147,5
1220,13,4
1220,15,4
1220,29,1
1220,40,2
1220,52,2
1220,444,2
1221,417,2
1222,13,2
1222,15,2
1222,175,1
1222,201,3
1222,1213,5
1222,1221,4
1223,90,5
1223,170,5
1223,13,2
1223,15,2
1223,175,4
1223,201,3
1223,1213,5
1224,6,5
1224,99,5
1224,11,2
1224,13,12
1224,14,6
1224,174,2
1224,187,3
1224,30,4
1224,38,3
1224,40,3
1224,41,3
1224,48,7
1224,52,2
1224,454,7
1224,1234,3
1224,1252,1
1225,61,3
1225,74,11
1225,174,14
1225,183,2
1225,209,2
1225,237,10
1225,240,3
1225,307,2
1225,264,3
1225,284,7
1225,285,2
1225,287,5
1225,388,2
1225,395,2
1225,48,3
1225,430,2
1225,434,2
1225,1224,3
1225,1226,12
1225,1230,1
1225,1233,4
1225,1234,7
1226,264,2
1227,264,2
1228,264,2
1229,5,6
1229,6,2
1229,13,2
1229,187,5
1229,264,2
1230,5,5
1230,6,2
1230,13,6
1230,264,2
1230,32,3
1230,454,3
1236,94,3
1238,81,5
1238,303,1
1238,305,1
1238,307,1
1238,908,1
1238,310,1
1238,312,1
1238,315,1
1238,332,1
1238,334,1
1238,335,1
1238,336,1
1238,337,1
1238,287,1
1238,431,4
1238,454,4
1238,1224,1
1238,1225,9
1238,1226,1
1238,1229,1
1238,1230,1
1238,1237,8
1238,1240,2
1238,1241,1
1238,1242,1
1239,454,2
1239,1237,1
1240,1237,1
1240,1239,2
1463,74,7
1463,5,3
1463,174,4
1463,209,4
1463,287,4
1463,388,4
1463,42,5
1463,454,2
1463,470,1
1463,472,4
1463,1234,16
1241,5,5
1241,6,2
1241,110,2
1241,13,4
1242,5,4
1242,6,2
1242,99,3
1242,11,2
1242,13,3
1242,52,2
1242,440,2
1242,454,3
1243,5,3
1243,6,2
1243,100,4
1243,13,3
1243,41,2
1243,52,2
1243,440,2
1243,454,3
1233,74,6
1233,174,1
1233,425,1
1233,457,6
1233,1234,3
1244,434,2
1246,98,4
1246,12,10
1247,425,2
1248,40,3
1248,348,1
1248,432,2
1248,1250,3
1249,61,3
1249,63,2
1249,40,3
1249,362,13
1249,435,2
1249,454,2
1249,1250,2
1250,15,4
1250,17,5
1250,40,3
1250,348,5
1250,362,6
1250,48,6
1234,99,3
1234,13,4
1234,174,7
1234,201,3
1234,209,3
1234,40,2
1234,48,3
1234,425,2
1234,434,2
1234,53,1
1234,1216,3
1234,1218,8
1234,1244,3
1234,1247,3
1235,74,3
1235,5,2
1235,1248,3
1235,1249,6
1235,1250,4
1235,1234,4
1251,454,3
1253,74,3
1253,280,8
1253,454,2
1254,42,3
1254,475,4
1254,481,1
1254,1283,2
1255,13,3
1255,42,4
1257,5,2
1257,147,2
1259,147,6
1259,15,5
1259,29,3
1259,475,2
1259,481,3
1259,1215,2
1259,1283,2
1260,124,2
1260,147,5
1260,13,2
1260,14,3
1260,42,2
1260,481,2
1260,865,2
1261,5,2
1261,147,4
1261,14,3
1261,15,3
1261,440,2
1261,1220,1
1262,147,7
1262,42,2
1262,475,4
1262,1283,3
1263,74,5
1263,5,3
1263,174,3
1263,280,1
1263,45,2
1263,52,1
1263,481,2
1264,230,2
1265,147,4
1265,15,4
1265,29,1
1265,42,1
1265,475,3
1265,1264,2
1265,1283,3
1266,454,2
1284,147,4
1284,16,2
1284,42,1
1284,475,2
1284,1283,2
1285,97,5
1285,99,5
1285,103,4
1285,106,3
1285,15,3
1285,174,4
1285,179,3
1285,29,1
1285,1286,2
1287,5,1
1287,13,2
1287,15,2
1287,32,2
1287,42,2
1287,475,3
1287,481,2
1287,1288,2
1287,1283,3
1288,15,5
1288,40,2
1267,5,4
1267,6,2
1268,1267,2
1268,1283,3
1289,5,3
1289,1299,2
1290,5,10
1290,13,2
1290,192,3
1290,40,2
1290,46,4
1290,481,2
1290,1299,5
1291,75,2
1291,5,4
1291,145,2
1291,147,9
1291,42,3
1292,147,4
1292,14,3
1292,42,3
1292,1298,2
1293,61,2
1293,63,2
1293,15,3
1293,40,3
1293,348,3
1293,435,2
1294,75,1
1294,5,2
1294,145,1
1294,147,6
1294,42,3
1294,1293,1
1295,15,2
1295,40,2
1296,147,2
1296,14,3
1296,42,2
1297,5,3
1297,1299,2
1369,15,3
1369,29,1
1369,40,2
1510,74,3
1510,13,3
1510,14,5
1510,280,2
1510,1369,3
1300,5,3
1300,147,4
1300,42,1
1300,475,8
1298,42,4
1299,5,3
1299,13,1
1299,261,4
1299,280,2
1299,287,5
1299,481,2
1269,15,4
1269,174,2
1269,29,4
1269,40,2
1269,42,3
1269,46,3
1269,481,3
1269,1234,3
1269,1369,2
1303,15,2
1303,209,2
1303,287,2
1303,388,3
1303,389,7
1303,42,3
1303,1463,9
1270,237,2
1270,1283,3
1271,1270,2
1272,1270,2
1273,5,4
1273,13,2
1273,15,2
1273,46,2
1273,52,2
1273,430,2
1273,435,2
1274,147,4
1274,13,4
1274,174,1
1274,42,1
1274,46,2
1274,475,2
1274,481,2
1274,1234,3
1274,1405,4
1274,1283,6
1304,147,14
1304,42,2
1304,475,4
1304,1283,3
1405,13,4
1306,14,3
1306,30,3
1306,42,5
1306,454,2
1369,15,3
1369,29,1
1369,40,2
1308,14,5
1308,42,5
1308,454,3
1309,147,4
1309,42,1
1309,475,2
1309,1283,3
1310,147,14
1310,475,2
1310,1308,3
1310,1283,4
1311,147,4
1311,42,1
1311,475,2
1311,1283,2
1341,68,2
1341,74,2
1341,5,2
1341,660,2
1341,1234,1
1510,74,3
1510,280,1
1275,13,6
1275,14,19
1275,38,7
1275,41,6
1275,42,12
1276,481,8
1276,1275,17
1276,1283,3
1315,5,2
1315,147,4
1315,171,2
1315,15,3
1315,29,1
1315,42,1
1315,475,5
1315,865,2
1315,1338,2
1316,57,5
1316,74,5
1316,5,1
1316,280,10
1316,42,2
1316,434,1
1316,475,4
1316,1248,2
1316,1249,2
1316,1235,3
1316,1283,5
1317,74,1
1317,1248,1
1317,1235,1
1317,1316,3
1317,1283,1
1277,1270,7
1278,5,3
1278,475,1
1278,1273,1
1278,1283,2
1279,209,2
1279,1463,4
1279,1253,6
1280,147,5
1280,15,2
1280,174,1
1280,209,2
1280,1463,5
1280,1234,2
1280,1253,6
1318,237,1
1318,426,4
1318,1274,2
1318,1283,2
1319,1266,3
1319,1320,2
1320,147,6
1320,14,5
1321,15,6
1321,29,5
1321,378,2
1369,15,3
1369,29,4
1369,40,2
1323,5,2
1323,590,2
1323,1338,2
1324,5,2
1324,147,4
1324,475,4
1324,590,1
1324,1338,2
1325,5,2
1325,596,2
1325,1338,2
1326,5,2
1326,597,2
1326,1338,2
1327,5,2
1327,605,2
1327,1338,2
1328,5,2
1328,606,2
1328,1338,2
1329,5,2
1329,617,2
1329,1338,2
1330,5,2
1330,628,2
1330,1338,2
1331,5,2
1331,668,2
1331,1338,2
1332,5,2
1332,147,4
1332,475,4
1332,1338,2
1333,5,2
1333,147,5
1333,475,4
1333,1338,2
1334,5,2
1334,147,5
1334,475,4
1334,1338,2
1335,5,2
1335,147,5
1335,475,4
1335,1338,2
1336,5,2
1336,635,2
1336,1338,2
1337,5,2
1337,636,2
1337,1338,2
1338,5,2
1338,52,2
1338,475,4
1338,1234,1
1339,42,4
1340,5,2
1340,147,4
1340,475,4
1340,1338,2
1341,5,2
1341,660,2
1341,1338,2
1342,5,2
1342,475,1
1342,660,3
1342,1338,2
1343,147,3
1343,42,1
1343,475,3
1343,1283,3
1344,147,4
1344,14,3
1344,42,3
1281,5,3
1281,195,2
1281,475,1
1281,1283,2
1346,1345,1
1347,5,2
1347,52,1
1347,1234,1
1347,1345,3
1348,1347,1
1349,1347,1
1282,147,5
1282,15,4
1282,174,2
1282,29,4
1282,40,2
1282,42,3
1282,46,2
1282,481,3
1282,1234,3
1283,5,4
1283,46,2
1283,454,2
1283,475,5
1283,481,1
1350,74,3
1350,280,1
1350,454,3
1351,174,1
1351,40,3
1351,348,3
1351,46,17
1351,491,6
1351,1234,3
1377,5,2
1377,13,2
1377,175,3
1377,1378,2
1378,10,2
1378,11,2
1378,178,4
1378,40,2
1378,41,2
1378,450,2
1378,1379,2
1379,15,5
1379,186,3
1379,29,3
1379,1378,1
1380,74,8
1380,5,1
1380,147,25
1380,15,6
1380,29,6
1380,280,8
1380,42,6
1380,475,16
1380,481,10
1380,1379,1
1381,13,2
1381,15,3
1381,175,2
1381,1383,2
1382,15,4
1382,177,6
1382,178,1
1382,184,2
1382,29,3
1382,40,3
1382,1383,6
1383,10,2
1383,11,2
1383,15,4
1383,178,4
1383,40,2
1383,41,2
1383,1382,2
1383,1385,2
1384,184,2
1385,8,7
1385,15,7
1385,186,4
1385,29,2
1385,1383,7
1386,74,4
1386,280,1
1386,42,1
1386,475,3
1387,74,4
1387,280,1
1387,42,1
1387,475,3
1388,57,1
1388,74,4
1388,280,2
1388,42,2
1388,475,4
1389,57,1
1389,74,4
1389,280,2
1389,42,2
1389,475,4
1390,74,4
1390,280,1
1390,42,2
1390,475,4
1391,74,4
1391,280,1
1391,42,2
1391,475,4
1392,13,2
1392,175,2
1392,1393,2
1393,162,2
1393,15,3
1393,16,3
1393,29,4
1393,40,2
1393,445,2
1393,1214,8
1393,1392,1
1394,74,5
1394,122,4
1394,147,13
1394,280,4
1394,42,7
1394,475,12
1395,74,4
1395,5,1
1395,147,5
1395,13,1
1395,15,4
1395,29,6
1395,280,2
1395,42,1
1395,475,5
1396,74,4
1396,15,4
1396,26,2
1396,29,4
1396,280,1
1396,40,2
1396,42,1
1396,475,3
1396,481,1
1397,15,3
1397,738,2
1398,59,1
1398,74,4
1398,147,5
1398,15,4
1398,29,4
1398,280,2
1398,42,1
1398,454,2
1398,475,4
1463,5,2
1463,174,2
1463,1463,4
1463,1400,4
1400,174,2
1400,1463,1
1400,1408,4
1401,13,2
1401,1409,3
1411,14,3
1411,42,3
1412,74,4
1412,147,3
1412,280,2
1412,42,1
1412,475,5
1404,1234,3
1407,147,4
1407,174,1
1407,1404,7
1406,1404,4
1408,13,3
1408,15,8
1408,174,6
1408,191,3
1408,29,2
1408,419,8
1408,440,2
1408,454,2
1409,13,2
1409,175,2
1409,1410,2
1410,142,4
1410,15,2
1410,454,2
1410,1409,1
1411,14,3
1411,42,3
1412,74,4
1412,147,3
1412,280,2
1412,42,1
1412,475,5
1413,13,2
1413,175,2
1413,1414,2
1414,15,3
1414,16,3
1414,29,5
1414,445,2
1414,1214,7
1414,1413,3
1416,74,4
1416,147,5
1416,280,2
1416,42,1
1416,475,4
1417,74,5
1417,122,4
1417,147,13
1417,280,4
1417,42,7
1417,475,12
1418,74,4
1418,5,1
1418,147,5
1418,13,1
1418,15,4
1418,29,6
1418,280,2
1418,42,1
1418,475,5
1419,147,6
1419,15,3
1419,26,2
1419,29,3
1419,40,2
1419,42,1
1419,475,2
1419,1283,2
1420,74,4
1420,15,4
1420,26,2
1420,29,4
1420,280,1
1420,40,2
1420,42,1
1420,475,3
1420,481,1
1421,12,11
1421,162,3
1421,170,7
1421,163,2
1422,15,3
1422,738,2
1422,445,2
1423,59,1
1423,74,4
1423,147,5
1423,15,4
1423,29,1
1423,280,2
1423,42,1
1423,475,4
1423,481,2
1439,59,2
1439,74,4
1439,147,5
1439,15,4
1439,29,1
1439,280,3
1439,42,1
1439,475,4
1439,481,1
1425,15,3
1425,29,4
1425,475,3
1425,481,1
1427,15,6
1427,29,2
1427,1431,1
1428,5,2
1428,13,2
1428,175,3
1428,1430,7
1428,1431,2
1429,177,6
1429,40,3
1429,1430,6
1429,1431,2
1430,11,2
1430,16,2
1430,178,7
1430,40,2
1430,41,4
1430,1427,4
1430,1428,1
1430,1429,2
1430,1431,11
1430,1432,2
1430,1434,2
1431,5,3
1431,15,2
1431,16,3
1431,179,10
1431,1427,5
1431,1433,19
1432,15,2
1432,186,5
1432,1426,2
1432,1427,1
1432,1430,7
1433,184,2
1433,197,2
1433,1427,1
1433,1431,3
1434,15,3
1434,186,5
1434,1426,2
1434,1427,1
1434,1430,4
1435,5,5
1435,13,4
1435,174,3
1435,1430,21
1436,74,4
1436,5,4
1436,164,2
1436,13,2
1436,15,5
1436,174,3
1436,197,1
1436,203,4
1436,209,1
1436,29,2
1436,280,2
1436,40,3
1436,52,2
1436,1431,6
1436,1433,3
1437,167,7
1437,15,5
1437,738,2
1438,454,4
1439,59,2
1439,74,4
1439,147,5
1439,15,6
1439,29,2
1439,280,4
1439,40,2
1439,42,1
1439,475,4
1439,481,2
1439,1438,5
1463,1463,2
1441,88,5
1441,280,1
1441,40,1
1441,460,3
1441,699,7
1441,701,5
1441,717,2
1441,702,1
1442,1475,4
1442,1453,5
1453,1448,4
1450,74,3
1450,5,3
1450,9,1
1450,15,1
1450,174,3
1450,280,1
1450,40,1
1450,52,2
1450,1475,4
1450,1453,4
1450,1471,6
1450,1475,4
1450,1453,4
1454,15,3
1454,29,1
1453,1448,1
1456,74,3
1456,88,2
1456,252,2
1456,280,3
1457,74,3
1457,280,2
1458,74,3
1458,280,1
1489,1463,2
1461,12,3
1461,1460,10
1461,1464,5
1462,74,2
1462,122,2
1462,280,4
1462,1073,2
1462,1235,2
1463,1463,3
1465,74,4
1465,5,5
1465,15,3
1465,174,3
1465,280,2
1465,40,2
1465,42,3
1465,52,2
1465,973,2
1479,15,7
1479,29,5
1479,40,2
1479,1476,5
1474,15,9
1474,29,2
1474,378,2
1474,1476,2
1475,74,3
1475,5,5
1475,15,3
1475,174,3
1475,187,1
1475,29,1
1475,280,1
1475,40,2
1475,42,3
1475,52,2
1475,973,2
1475,1476,1
1483,15,6
1483,29,4
1483,40,2
1483,1476,4
1477,57,2
1477,74,9
1477,75,1
1477,5,4
1477,15,1
1477,174,3
1477,29,1
1477,248,1
1477,280,14
1477,40,1
1477,380,1
1477,52,2
1477,973,2
1477,1463,1
1477,1479,6
1477,1474,1
1477,1476,1
1477,1483,1
1477,1471,5
1477,1473,1
1473,15,6
1473,29,4
1473,40,2
1473,1476,3
1479,1480,4
1479,1482,1
1481,1479,6
1481,1476,4
1482,1480,1
1474,15,10
1474,29,3
1474,378,2
1474,1480,9
1475,1476,2
1475,1478,6
1483,1486,1
1484,1476,2
1484,1486,5
1485,1479,1
1485,1481,1
1485,1476,2
1485,1483,1
1477,74,4
1477,5,3
1477,15,5
1477,174,3
1477,29,5
1477,280,6
1477,40,2
1477,380,1
1477,52,2
1477,727,2
1477,973,1
1477,1463,1
1477,1481,5
1477,1474,2
1477,1476,10
1477,1485,5
1477,1486,6
1490,16,2
1490,42,3
1491,5,4
1491,13,4
1491,15,4
1491,16,2
1491,29,2
1491,40,1
1491,41,2
1491,52,2
1492,1494,4
1493,13,5
1493,15,3
1493,29,1
1493,40,1
1495,74,3
1495,280,1
1496,1494,1
1510,74,5
1510,280,3
1510,1463,4
1489,1463,2
1503,74,5
1503,75,1
1503,5,4
1503,145,1
1503,147,5
1503,280,2
1503,475,5
1503,973,2
1499,74,4
1499,280,1
1499,469,6
1499,475,3
1499,481,1
1499,973,2
1500,1501,6
1501,74,4
1501,280,1
1501,469,5
1501,475,5
1501,1502,5
1504,454,3
1505,12,3
1505,454,2
1505,1504,3
1506,74,4
1506,147,4
1506,280,2
1506,42,1
1506,475,4
1506,1504,2
1511,211,1
1511,204,13
1511,205,4
1511,454,3
1511,1513,4
1512,1513,8
