2,5,4
3,1,2
4,1,1
4,5,4
5,1,2
6,1,3
12,11,2
14,13,14
16,15,2
21,42,1
41,40,4
45,21,3
46,42,33
48,47,24
133,141,52
133,50,5
133,826,3
134,135,1
137,138,6
137,583,4
137,589,6
137,101,10
137,838,3
138,141,4
138,717,1
138,768,1
138,751,1
138,826,3
141,136,2
141,50,3
141,752,3
143,138,6
143,580,2
143,584,6
143,635,7
143,61,1
143,64,2
143,69,1
143,101,19
143,715,2
143,742,3
143,752,2
144,265,4
144,266,2
144,324,3
144,653,2
144,658,2
144,61,2
144,717,2
144,768,3
144,751,2
145,163,1
145,265,12
145,266,2
145,324,3
145,658,2
145,61,2
145,717,2
145,768,5
145,751,2
146,265,3
146,266,2
146,324,2
146,658,2
147,265,12
147,266,2
147,324,3
147,653,3
147,658,2
147,61,2
147,63,1
147,717,2
147,768,5
147,751,2
148,149,2
148,658,2
148,61,2
148,717,2
148,768,3
148,751,2
149,153,2
149,155,6
149,165,5
149,251,23
149,265,13
149,266,2
149,284,3
149,300,1
149,324,3
149,653,2
149,658,2
149,61,20
149,63,3
149,715,8
149,717,17
149,768,89
149,733,35
149,751,30
150,149,3
150,251,1
150,658,2
150,61,9
150,717,6
150,768,17
150,733,1
150,751,7
151,149,3
151,251,1
151,658,2
151,61,10
151,717,6
151,768,17
151,733,2
151,751,8
152,265,12
152,266,2
152,324,3
152,658,2
152,61,2
152,63,4
152,717,2
152,768,4
152,751,2
153,265,4
153,266,2
153,321,2
153,324,2
153,658,2
154,251,5
154,265,2
154,266,2
154,320,2
154,324,3
154,658,3
154,61,5
154,717,3
154,768,8
154,751,3
155,263,1
155,265,7
155,318,2
155,658,3
155,61,2
155,715,3
155,717,2
155,768,2
155,751,2
156,154,8
156,157,5
156,158,5
156,159,5
156,243,1
156,251,2
156,265,31
156,266,2
156,321,2
156,324,3
156,472,3
156,473,2
156,584,3
156,653,5
156,658,2
156,61,8
156,63,9
156,69,3
156,101,3
156,717,8
156,768,25
156,722,6
156,723,3
156,743,3
156,751,6
156,752,4
157,154,1
157,156,10
157,251,2
157,265,6
157,658,2
157,61,4
157,717,3
157,768,10
157,722,5
157,751,3
158,154,1
158,156,10
158,251,4
158,265,12
158,658,2
158,61,4
158,717,3
158,768,14
158,722,5
158,751,3
159,154,1
159,156,10
159,251,3
159,265,9
159,658,2
159,61,4
159,717,3
159,768,12
159,722,5
159,751,3
160,265,4
160,266,2
160,324,3
160,658,2
160,61,3
160,98,2
160,115,5
160,717,3
160,768,6
160,733,2
160,751,5
161,265,8
161,266,2
161,324,3
161,658,2
161,61,2
161,717,2
161,768,3
161,751,2
162,265,4
162,266,2
162,320,2
162,324,3
162,658,2
162,61,2
162,66,2
162,717,2
162,768,3
162,751,2
163,265,2
164,265,3
165,265,4
165,266,2
165,321,2
165,324,3
165,658,2
166,251,4
166,265,1
166,266,2
166,324,3
166,658,2
166,61,3
166,717,2
166,768,4
166,751,2
167,265,11
167,266,2
167,324,3
167,658,2
167,61,3
167,717,2
167,768,3
167,751,2
168,265,8
168,266,2
168,324,3
168,653,2
168,658,2
168,61,2
168,717,2
168,768,4
168,751,2
169,154,2
169,175,6
169,249,1
169,265,3
169,473,2
169,653,2
169,658,2
169,61,3
169,96,2
169,717,4
169,768,5
169,722,1
169,751,2
170,154,2
170,167,1
170,175,6
170,265,3
170,653,2
170,658,2
170,61,2
170,717,3
170,768,5
170,722,1
170,751,2
171,154,2
171,169,2
171,175,8
171,249,1
171,265,6
171,658,2
171,61,2
171,717,2
171,768,5
171,722,1
171,751,2
172,175,6
172,249,2
172,265,4
172,473,2
172,653,2
172,658,3
172,61,3
172,96,2
172,717,4
172,768,4
172,722,1
172,751,2
173,167,1
173,175,5
173,265,3
173,653,2
173,658,2
173,61,2
173,717,2
173,768,3
173,722,1
173,751,2
174,172,2
174,175,11
174,249,1
174,265,9
174,473,2
174,584,4
174,658,3
174,61,3
174,69,3
174,101,2
174,717,3
174,768,6
174,722,1
174,751,3
174,752,4
175,154,3
175,164,1
175,243,1
175,265,23
175,266,2
175,321,2
175,324,3
175,472,2
175,473,2
175,584,4
175,653,3
175,658,3
175,61,5
175,63,5
175,69,3
175,101,2
175,717,6
175,768,11
175,722,4
175,723,3
175,743,3
175,751,4
175,752,4
176,154,1
176,175,5
176,249,1
176,251,2
176,265,4
176,653,2
176,658,2
176,61,2
176,717,2
176,768,4
176,722,1
176,751,2
177,154,1
177,167,1
177,175,5
177,251,2
177,265,4
177,653,2
177,658,2
177,61,2
177,717,2
177,768,4
177,722,1
177,751,2
178,154,2
178,175,8
178,176,2
178,235,2
178,249,1
178,251,2
178,265,5
178,658,2
178,61,2
178,63,1
178,85,1
178,717,2
178,768,3
178,722,1
178,743,2
178,751,2
179,154,2
179,175,7
179,176,2
179,249,1
179,251,2
179,265,7
179,658,2
179,61,2
179,717,2
179,768,3
179,722,1
179,751,2
180,175,11
180,249,1
180,265,4
180,653,2
180,658,2
180,61,2
180,63,12
180,717,3
180,768,5
180,722,6
180,751,2
181,167,1
181,175,11
181,265,4
181,653,2
181,658,2
181,61,2
181,63,12
181,717,3
181,768,5
181,722,6
181,751,2
182,175,13
182,180,2
182,249,1
182,265,7
182,658,2
182,61,2
182,63,12
182,717,2
182,768,5
182,722,6
182,751,2
183,154,1
183,175,5
183,249,1
183,251,4
183,265,8
183,653,2
183,658,2
183,61,2
183,717,2
183,768,4
183,722,1
183,751,2
184,154,1
184,167,1
184,175,5
184,251,4
184,265,8
184,653,2
184,658,2
184,61,2
184,717,2
184,768,4
184,722,1
184,751,2
185,154,2
185,175,7
185,183,2
185,249,1
185,251,4
185,265,11
185,658,2
185,61,2
185,717,2
185,768,3
185,722,1
185,751,2
186,154,1
186,175,5
186,249,1
186,251,3
186,265,6
186,653,2
186,658,2
186,61,2
186,717,2
186,768,4
186,722,1
186,751,2
187,154,1
187,167,1
187,175,5
187,251,3
187,265,6
187,653,2
187,658,2
187,61,2
187,717,2
187,768,4
187,722,1
187,751,2
188,154,2
188,175,7
188,186,2
188,249,1
188,251,3
188,265,9
188,658,2
188,61,2
188,717,2
188,768,3
188,722,1
188,751,2
189,251,4
189,265,15
189,266,2
189,324,3
189,304,3
189,472,2
189,658,5
189,61,4
189,717,2
189,768,5
189,749,2
189,751,6
190,198,6
190,248,1
190,265,11
190,266,2
190,324,3
190,472,2
190,658,2
190,711,5
190,61,3
190,69,6
190,91,2
190,101,4
190,717,2
190,768,5
190,751,2
191,155,4
191,265,4
191,266,2
191,321,2
191,324,3
191,472,3
191,658,2
191,61,4
191,101,4
191,717,3
191,768,7
191,751,3
192,155,4
192,265,5
192,266,2
192,321,2
192,324,3
192,325,2
192,327,1
192,472,3
192,658,2
192,61,7
192,101,5
192,717,3
192,768,6
192,751,4
193,265,4
193,266,2
193,321,2
193,324,3
193,472,2
193,658,2
193,58,3
193,711,1
193,61,3
193,101,10
193,717,3
193,768,7
193,733,1
193,751,4
194,197,4
194,198,3
194,265,3
194,473,2
194,653,2
194,658,2
194,61,5
194,101,12
194,717,3
194,768,12
194,751,8
195,197,2
195,658,2
195,711,1
195,61,4
195,101,2
195,717,4
195,768,5
195,733,1
195,751,5
196,197,4
196,198,2
196,265,3
196,473,2
196,653,2
196,658,2
196,61,3
196,101,2
196,717,3
196,768,6
196,751,3
197,198,2
197,264,1
197,265,6
197,266,2
197,321,2
197,324,3
197,653,2
197,658,2
197,61,3
197,101,2
197,717,2
197,768,2
197,751,3
198,265,4
198,266,2
198,321,2
198,324,3
198,473,2
198,658,2
198,61,11
198,101,8
198,717,4
198,768,14
198,751,9
199,155,4
199,197,5
199,265,12
199,266,3
199,321,7
199,324,3
199,658,2
199,711,1
199,61,7
199,101,3
199,717,3
199,768,9
199,733,1
199,751,7
200,265,4
200,266,2
200,321,2
200,324,3
200,658,2
200,711,1
200,61,6
200,64,1
200,717,3
200,768,11
200,733,1
200,751,11
201,155,4
201,265,4
201,266,2
201,321,2
201,324,3
201,658,2
201,61,4
201,717,3
201,768,6
201,733,2
201,751,5
202,265,8
202,266,2
202,324,3
202,658,2
202,61,4
202,717,2
202,768,3
202,751,4
203,149,1
203,153,2
203,257,11
203,264,2
203,265,6
203,266,2
203,321,2
203,324,3
203,325,3
203,327,2
203,584,2
203,585,2
203,603,3
203,658,2
203,58,3
203,711,3
203,61,11
203,64,4
203,101,5
203,717,2
203,768,4
203,751,5
203,752,6
204,149,1
204,153,2
204,257,11
204,264,2
204,265,10
204,266,2
204,321,2
204,324,3
204,584,2
204,585,2
204,658,2
204,711,3
204,61,10
204,69,2
204,85,2
204,101,3
204,122,2
204,717,2
204,768,9
204,751,2
204,752,2
205,265,12
205,266,2
205,324,3
205,658,2
205,61,2
205,113,2
205,717,2
205,768,3
205,751,2
206,207,2
206,251,3
206,266,2
206,320,2
206,324,3
206,658,4
206,61,2
206,115,6
206,118,2
206,717,2
206,768,3
206,751,2
207,251,5
207,265,2
207,266,2
207,292,3
207,320,2
207,324,3
207,658,2
207,61,5
207,118,6
207,717,4
207,768,5
207,751,4
208,207,2
208,251,4
208,266,2
208,324,3
208,658,3
208,61,3
208,118,3
208,717,2
208,768,3
208,751,2
209,265,4
209,266,2
209,321,2
209,324,3
209,658,2
209,61,4
209,717,3
209,768,5
209,733,1
209,751,4
210,207,2
210,251,4
210,266,2
210,320,2
210,324,3
210,658,3
210,61,2
210,118,2
210,717,2
210,768,4
210,751,2
211,265,4
211,266,2
211,324,3
211,658,2
211,61,3
211,717,2
211,768,3
211,796,1
211,751,2
211,841,3
212,265,13
212,266,2
212,324,3
212,658,2
212,61,2
212,717,2
212,768,3
212,751,2
213,265,8
213,266,2
213,324,3
213,658,2
213,61,3
213,717,2
213,768,5
213,751,2
316,317,6
316,325,2
316,327,1
316,584,17
316,653,5
316,700,3
316,711,17
316,61,110
316,64,2
316,69,24
316,85,21
316,101,23
316,115,22
316,118,16
316,122,16
316,717,7
316,718,33
316,768,141
316,722,23
316,778,12
316,723,2
316,727,18
316,733,2
316,743,5
316,751,98
317,717,8
317,768,24
317,751,8
214,265,4
214,266,2
214,319,2
214,321,2
214,324,3
214,472,2
214,658,2
214,61,5
214,717,4
214,768,6
214,751,4
215,154,2
215,221,5
215,249,1
215,265,1
215,653,2
215,658,2
215,61,2
215,717,3
215,768,4
215,722,1
215,751,2
216,154,2
216,167,1
216,221,5
216,265,1
216,653,2
216,658,2
216,61,2
216,717,2
216,768,4
216,722,1
216,751,2
217,154,2
217,164,1
217,215,2
217,221,6
217,243,1
217,249,1
217,265,4
217,321,2
217,658,2
217,61,2
217,717,2
217,768,4
217,722,1
217,751,2
218,221,5
218,249,2
218,265,1
218,653,2
218,658,3
218,61,2
218,717,2
218,768,3
218,722,1
218,751,2
219,167,1
219,221,4
219,265,1
219,653,2
219,658,2
219,61,2
219,717,2
219,768,3
219,722,1
219,751,2
220,218,2
220,221,6
220,249,1
220,265,4
220,658,3
220,61,2
220,717,2
220,768,3
220,722,1
220,751,2
221,154,3
221,164,1
221,243,1
221,265,15
221,266,2
221,321,2
221,324,3
221,472,2
221,658,3
221,61,3
221,101,1
221,717,3
221,768,5
221,722,4
221,743,3
221,751,3
222,154,1
222,221,4
222,249,1
222,251,2
222,265,2
222,653,2
222,658,2
222,61,2
222,717,3
222,768,3
222,722,1
222,751,2
223,154,1
223,167,1
223,221,4
223,251,2
223,265,2
223,653,2
223,658,2
223,61,2
223,717,2
223,768,3
223,722,1
223,751,2
224,154,2
224,221,5
224,222,2
224,249,1
224,251,2
224,265,5
224,658,2
224,61,2
224,717,2
224,768,3
224,722,1
224,751,2
225,221,10
225,249,1
225,265,2
225,653,2
225,658,2
225,61,2
225,63,12
225,717,3
225,768,4
225,722,6
225,751,2
226,167,1
226,221,10
226,265,2
226,653,2
226,658,2
226,61,2
226,63,12
226,717,3
226,768,4
226,722,6
226,751,2
227,221,11
227,225,2
227,249,1
227,265,5
227,658,2
227,61,2
227,63,12
227,717,2
227,768,4
227,722,6
227,751,2
228,154,1
228,221,4
228,249,1
228,251,4
228,265,6
228,653,2
228,658,2
228,61,2
228,717,2
228,768,3
228,722,1
228,751,2
229,154,1
229,167,1
229,221,4
229,251,4
229,265,6
229,653,2
229,658,2
229,61,2
229,717,2
229,768,3
229,722,1
229,751,2
230,154,2
230,221,5
230,228,2
230,249,1
230,251,4
230,265,9
230,658,2
230,61,2
230,717,2
230,768,3
230,722,1
230,751,2
231,154,1
231,221,4
231,249,1
231,251,3
231,265,4
231,653,2
231,658,2
231,61,2
231,717,2
231,768,3
231,722,1
231,751,2
232,154,1
232,167,1
232,221,4
232,251,3
232,265,4
232,653,2
232,658,2
232,61,2
232,717,2
232,768,3
232,722,1
232,751,2
233,154,2
233,221,5
233,231,2
233,249,1
233,251,3
233,265,7
233,658,2
233,61,2
233,717,2
233,768,3
233,722,1
233,751,2
234,292,2
234,658,2
235,265,4
235,266,2
235,319,2
235,320,2
235,324,3
235,658,2
235,61,4
235,85,8
235,717,3
235,768,6
235,751,3
236,265,15
236,266,2
236,324,3
236,658,2
236,61,15
236,68,3
236,717,2
236,768,14
236,733,10
236,751,3
237,265,4
237,266,2
237,320,2
237,324,3
237,658,2
237,61,2
237,86,2
237,717,2
237,768,3
237,751,2
238,249,4
238,265,8
238,266,2
238,324,3
238,473,4
238,658,2
238,61,2
238,717,3
238,768,5
238,722,3
238,743,2
238,750,2
238,751,6
239,155,4
239,265,4
239,266,2
239,321,2
239,324,3
239,570,2
239,658,2
239,61,6
239,717,3
239,768,7
239,751,3
240,265,4
240,266,2
240,321,2
240,324,3
240,570,2
240,658,2
240,61,5
240,717,3
240,768,4
240,751,3
241,242,2
241,251,1
241,658,2
241,61,2
241,89,3
241,768,3
242,251,7
242,265,6
242,266,2
242,324,3
242,658,2
242,61,3
242,89,5
242,717,2
242,768,7
242,751,2
243,265,3
244,265,17
244,266,2
244,324,3
244,658,5
244,61,4
244,717,2
244,768,5
244,751,4
245,155,4
245,265,4
245,266,2
245,321,2
245,324,3
245,658,2
245,61,4
245,69,15
245,101,1
245,717,3
245,768,9
245,751,3
246,265,5
246,266,2
246,318,2
246,321,2
246,324,3
246,325,2
246,327,1
246,658,2
246,61,8
246,69,11
246,101,1
246,715,3
246,717,3
246,765,1
246,768,9
246,751,3
248,198,1
249,149,1
249,265,12
249,266,3
249,324,3
249,658,3
249,711,5
249,61,2
249,715,2
249,717,2
249,718,5
249,768,3
249,739,3
249,740,2
249,751,2
250,149,3
250,249,5
250,265,4
250,266,2
250,324,2
250,658,2
250,711,2
250,61,2
250,111,2
250,717,4
250,768,3
250,739,2
250,751,2
251,263,2
251,265,20
251,266,2
251,324,2
251,658,3
252,155,4
252,265,4
252,266,2
252,321,2
252,324,3
252,332,2
252,658,2
252,61,5
252,717,3
252,768,6
252,733,2
252,751,5
253,265,4
253,266,2
253,321,2
253,324,3
253,658,2
253,61,4
253,717,3
253,768,5
253,733,1
253,751,4
254,265,12
254,266,2
254,324,3
254,658,2
254,61,3
254,115,3
254,717,3
254,768,6
254,751,3
255,265,12
255,266,2
255,324,3
255,658,2
255,61,3
255,115,3
255,118,2
255,717,3
255,768,6
255,722,3
255,743,2
255,751,3
256,265,8
256,266,2
256,324,3
256,658,2
256,61,2
256,115,3
256,717,2
256,768,3
256,751,2
257,149,6
257,153,4
257,265,5
257,321,2
257,658,2
257,711,5
258,198,5
258,248,1
258,265,7
258,266,2
258,324,3
258,472,2
258,658,2
258,711,5
258,61,3
258,101,4
258,717,2
258,768,3
258,751,2
259,155,4
259,251,8
259,265,6
259,266,2
259,322,2
259,324,3
259,471,3
259,658,2
259,61,3
259,63,6
259,715,5
259,717,3
259,768,7
259,751,3
260,154,2
260,155,7
260,251,7
260,265,9
260,266,4
260,290,3
260,322,2
260,324,3
260,471,4
260,472,2
260,653,2
260,658,2
260,61,3
260,63,7
260,715,4
260,717,3
260,768,7
260,751,3
261,265,9
261,266,2
261,324,3
261,472,2
261,658,5
261,61,3
261,717,2
261,768,3
261,749,2
261,751,4
262,265,8
262,266,2
262,324,3
262,473,2
262,658,2
262,61,2
262,717,2
262,768,3
262,751,3
263,247,1
263,264,2
263,658,2
264,265,4
264,266,2
264,319,2
264,321,2
264,324,3
264,472,2
264,658,2
264,61,5
264,717,4
264,768,6
264,751,4
265,247,2
265,266,1
265,321,4
265,324,2
265,473,2
265,658,6
265,659,2
265,61,4
265,717,4
265,768,7
265,751,4
267,265,8
267,266,2
267,324,3
267,658,2
267,61,3
267,717,2
267,768,4
267,751,2
268,265,4
268,266,2
268,324,3
268,658,2
268,61,3
268,98,4
268,115,2
268,717,3
268,768,6
268,733,2
268,751,5
269,163,1
269,265,12
269,266,2
269,324,3
269,472,2
269,658,2
269,61,2
269,717,2
269,768,5
269,751,2
270,265,14
270,266,2
270,324,3
270,472,4
270,658,2
270,61,2
270,717,2
270,768,7
270,722,10
270,743,4
270,751,2
271,163,1
271,265,13
271,266,2
271,324,3
271,472,2
271,658,2
271,61,3
271,717,2
271,768,5
271,751,4
272,154,3
272,265,17
272,266,2
272,324,3
272,472,2
272,658,2
272,61,2
272,717,2
272,768,10
272,722,8
272,743,4
272,751,2
273,154,1
273,251,2
273,265,6
273,272,6
273,658,2
273,61,2
273,717,2
273,768,7
273,722,2
273,751,2
274,154,1
274,251,2
274,265,6
274,272,7
274,658,2
274,61,2
274,717,2
274,768,6
274,722,3
274,751,2
275,154,1
275,251,2
275,265,6
275,272,6
275,658,2
275,61,2
275,717,2
275,768,7
275,722,2
275,751,2
276,265,9
276,266,2
276,324,2
276,658,2
276,61,3
276,717,3
276,768,6
276,751,3
277,163,1
277,265,12
277,266,2
277,324,3
277,658,2
277,61,2
277,717,2
277,768,5
277,751,2
278,249,2
278,265,1
278,266,2
278,324,3
278,658,2
278,61,5
278,717,5
278,768,3
278,750,2
278,751,3
279,249,3
279,265,1
279,266,2
279,324,3
279,658,2
279,711,2
279,61,3
279,717,4
279,768,3
279,733,3
279,740,2
279,751,4
280,265,4
280,266,2
280,324,3
280,473,2
280,658,2
280,61,2
280,717,2
280,768,3
280,751,3
281,265,4
281,266,2
281,320,2
281,324,3
281,658,2
281,61,2
281,115,6
281,717,2
281,768,3
281,751,2
282,154,3
282,265,12
282,266,2
282,324,3
282,658,2
282,61,2
282,717,2
282,768,3
282,751,2
283,265,14
283,266,2
283,282,11
283,324,3
283,325,2
283,327,1
283,472,2
283,473,6
283,475,8
283,570,6
283,638,1
283,639,2
283,653,3
283,658,2
283,61,18
283,81,2
283,717,8
283,768,24
283,751,8
283,882,1
283,883,3
284,153,2
284,266,2
284,321,2
284,324,3
284,658,2
285,265,4
285,266,2
285,324,3
285,473,2
285,658,2
285,61,2
285,717,2
285,768,3
285,751,3
286,265,8
286,266,2
286,324,3
286,658,2
286,61,2
286,717,2
286,768,3
286,751,3
287,265,8
287,266,2
287,324,3
287,658,2
287,711,6
287,61,3
287,717,2
287,768,3
287,733,7
287,751,4
288,265,11
288,266,2
288,324,3
288,472,2
288,658,2
288,711,5
288,61,5
288,69,2
288,85,2
288,101,1
288,122,2
288,717,2
288,768,7
288,751,2
289,265,4
289,266,2
289,321,2
289,324,3
289,472,2
289,658,2
289,61,3
289,717,3
289,768,4
289,751,3
290,265,8
290,266,2
290,324,3
290,653,2
290,658,2
290,61,2
290,717,2
290,768,3
290,751,2
291,265,4
291,266,2
291,324,2
291,658,2
291,61,2
291,717,2
291,768,4
291,751,2
292,265,5
292,266,2
292,320,2
292,324,3
292,658,3
292,61,2
292,118,2
292,717,2
292,768,3
292,751,2
293,154,3
293,164,1
293,265,14
293,266,2
293,324,3
293,472,4
293,658,3
293,61,3
293,101,4
293,717,5
293,768,5
293,722,3
293,743,2
293,751,5
294,265,8
294,266,2
294,324,3
294,653,2
294,658,2
294,61,2
294,717,2
294,768,3
294,751,2
295,265,4
295,266,2
295,319,2
295,320,2
295,321,2
295,324,3
295,658,2
295,61,5
295,122,7
295,717,3
295,768,5
295,751,3
296,265,8
296,266,2
296,324,3
296,653,2
296,658,2
296,61,2
296,717,2
296,768,3
296,751,2
297,265,4
297,266,2
297,319,2
297,321,2
297,324,3
297,472,2
297,658,2
297,61,5
297,717,4
297,768,6
297,751,4
298,153,2
298,265,5
298,658,2
318,715,2
319,61,2
319,717,2
319,768,3
319,751,2
299,265,4
299,266,2
299,324,3
299,658,2
299,61,4
299,101,3
299,717,2
299,768,3
299,751,3
300,284,2
300,658,2
301,265,14
301,266,2
301,324,3
301,472,2
301,473,4
301,653,2
301,658,3
301,61,3
301,717,2
301,768,5
301,751,2
322,61,4
322,63,15
322,768,15
322,861,2
323,144,5
323,153,4
323,156,4
323,160,4
323,162,4
323,165,4
323,175,4
323,191,4
323,192,4
323,193,4
323,197,3
323,198,5
323,199,4
323,200,4
323,201,4
323,205,5
323,206,5
323,209,4
323,221,4
323,235,4
323,236,4
323,237,4
323,239,4
323,240,4
323,245,4
323,246,4
323,252,4
323,253,4
323,265,13
323,266,94
323,268,4
323,272,4
323,281,5
323,292,4
323,295,4
323,299,4
323,302,5
323,303,4
323,307,4
302,265,4
302,266,2
302,324,3
302,570,1
302,658,2
302,61,4
302,717,2
302,768,3
302,751,2
303,265,4
303,266,2
303,321,2
303,324,3
303,658,2
303,61,3
303,101,1
303,717,3
303,768,5
303,722,4
303,743,2
303,751,3
324,144,2
324,145,2
324,147,2
324,149,2
324,152,2
324,154,2
324,156,2
324,160,2
324,161,2
324,162,2
324,165,2
324,166,2
324,167,2
324,168,2
324,175,2
324,189,2
324,190,2
324,191,2
324,192,2
324,193,2
324,197,2
324,198,2
324,199,2
324,200,2
324,201,2
324,202,2
324,203,2
324,204,2
324,205,2
324,206,2
324,207,2
324,208,2
324,209,2
324,210,2
324,211,2
324,212,2
324,213,2
324,214,2
324,221,2
324,235,2
324,236,2
324,237,2
324,238,2
324,239,2
324,240,2
324,242,2
324,244,2
324,245,2
324,246,2
324,249,2
324,252,2
324,253,2
324,254,2
324,255,2
324,256,2
324,258,2
324,259,2
324,260,2
324,261,2
324,262,2
324,264,2
324,267,2
324,268,2
324,269,2
324,270,2
324,271,2
324,272,2
324,277,2
324,278,2
324,279,2
324,280,2
324,281,2
324,282,2
324,283,2
324,284,2
324,285,2
324,286,2
324,287,2
324,288,2
324,289,2
324,290,2
324,292,2
324,293,2
324,294,2
324,295,2
324,296,2
324,297,2
324,299,2
324,301,2
324,302,2
324,303,2
324,304,2
324,306,2
324,307,2
324,308,2
324,312,2
324,314,2
304,154,3
304,265,16
304,266,2
304,324,3
304,653,2
304,658,2
304,61,3
304,63,4
304,717,3
304,768,9
304,722,3
304,743,2
304,751,3
305,265,8
305,319,4
305,304,10
305,658,2
305,61,4
305,717,4
305,768,12
305,722,1
305,751,4
306,265,14
306,266,2
306,324,3
306,472,2
306,473,4
306,475,4
306,653,2
306,658,3
306,61,4
306,96,5
306,101,1
306,717,2
306,768,9
306,751,2
307,265,4
307,266,2
307,320,2
307,324,3
307,658,2
307,61,2
307,118,2
307,717,2
307,768,4
307,751,2
308,154,3
308,265,9
308,266,2
308,324,3
308,658,2
308,61,3
308,717,6
308,768,4
308,736,2
308,751,5
309,154,1
309,235,1
309,251,1
309,265,2
309,308,3
309,658,3
309,61,2
309,717,3
309,768,3
309,736,1
309,751,3
310,154,1
310,251,3
310,265,6
310,308,2
310,658,2
310,61,2
310,717,3
310,768,3
310,736,1
310,751,3
311,154,1
311,251,2
311,265,4
311,308,2
311,658,2
311,61,2
311,717,3
311,768,3
311,736,1
311,751,3
312,265,4
312,266,2
312,320,2
312,324,3
312,658,2
312,61,3
312,717,2
312,768,3
312,751,2
313,265,4
313,266,2
313,318,2
313,324,2
313,658,2
313,715,3
314,164,1
314,265,9
314,266,2
314,318,2
314,324,3
314,472,2
314,653,1
314,658,2
314,61,3
314,101,4
314,715,3
314,717,5
314,768,4
314,722,3
314,733,1
314,743,2
314,751,7
315,308,2
315,658,2
315,61,2
315,717,3
315,768,3
315,736,1
315,751,3
325,658,3
325,61,1
326,325,7
326,658,3
326,61,3
327,325,9
327,570,1
327,658,7
327,61,11
327,768,3
327,751,7
328,336,1
329,333,1
330,144,5
330,145,10
330,147,9
330,149,17
330,152,5
330,154,35
330,155,13
330,156,18
330,160,6
330,161,4
330,162,5
330,163,5
330,165,1
330,166,5
330,167,4
330,168,5
330,175,20
330,189,7
330,190,10
330,191,7
330,192,7
330,193,9
330,194,2
330,196,2
330,197,19
330,198,12
330,199,13
330,200,6
330,201,13
330,202,5
330,203,4
330,204,5
330,205,6
330,206,4
330,207,3
330,208,3
330,209,7
330,210,3
330,212,9
330,213,4
330,221,11
330,234,2
330,235,25
330,236,19
330,237,5
330,238,6
330,239,13
330,240,9
330,242,9
330,244,10
330,245,7
330,246,7
330,249,37
330,251,63
330,252,14
330,253,7
330,254,5
330,255,5
330,256,4
330,257,22
330,258,9
330,260,30
330,261,13
330,262,5
330,264,2
330,265,210
330,266,205
330,267,4
330,268,9
330,270,24
330,271,10
330,272,21
330,277,10
330,278,3
330,279,3
330,281,7
330,282,9
330,283,23
330,286,5
330,287,5
330,288,8
330,290,7
330,291,3
330,292,17
330,293,8
330,294,4
330,295,16
330,296,4
330,299,3
330,301,12
330,302,5
330,303,6
330,304,28
330,305,2
330,306,11
330,307,4
330,308,8
330,314,4
330,328,32
330,329,23
330,332,43
330,333,822
330,334,90
330,336,115
330,338,15
330,339,21
330,342,16
330,343,5
330,344,26
330,473,1
330,658,3
330,711,3
330,91,34
330,98,1
330,715,11
330,718,2
330,723,11
331,149,26
331,152,5
331,154,5
331,155,4
331,165,1
331,241,2
331,242,4
331,249,15
331,250,4
331,251,14
331,259,32
331,260,4
331,265,19
331,266,4
331,276,7
331,291,3
331,329,9
331,330,7
331,332,4
331,333,47
331,336,11
331,342,2
331,344,6
331,658,2
331,91,3
331,715,5
331,718,2
332,145,5
332,147,5
332,149,8
332,152,5
332,155,16
332,156,5
332,161,3
332,163,5
332,164,3
332,166,4
332,167,5
332,168,3
332,175,7
332,189,6
332,190,5
332,197,3
332,200,4
332,202,5
332,205,5
332,213,3
332,236,5
332,238,5
332,239,5
332,240,5
332,241,1
332,242,4
332,243,3
332,244,6
332,248,4
332,249,6
332,251,7
332,252,5
332,254,5
332,255,5
332,256,3
332,258,3
332,259,6
332,260,5
332,261,3
332,262,3
332,265,8
332,266,148
332,267,3
332,269,5
332,270,5
332,271,5
332,272,6
332,276,3
332,277,5
332,278,3
332,279,3
332,282,6
332,283,6
332,286,3
332,287,7
332,288,4
332,290,3
332,293,5
332,294,3
332,296,3
332,297,2
332,321,6
332,301,6
332,304,7
332,306,6
332,308,3
332,314,3
332,580,11
332,91,5
332,101,2
332,852,2
333,266,4
333,328,2
333,329,9
333,332,6
333,334,46
333,336,35
333,338,1
333,339,1
333,344,1
333,658,4
333,711,7
334,333,1
335,266,3
335,332,2
335,336,2
335,346,18
335,711,4
335,723,2
336,333,1
337,155,1
337,166,3
337,175,7
337,221,6
337,235,4
337,244,8
337,251,3
337,252,5
337,253,5
337,261,3
337,265,11
337,266,12
337,286,4
337,287,3
337,303,4
337,306,7
338,85,1
338,118,1
338,122,1
345,329,16
345,336,19
345,346,42
345,358,91
345,344,2
345,653,1
345,711,5
345,61,1
345,63,1
345,715,2
345,717,1
345,768,1
345,733,1
345,751,1
345,826,59
346,266,4
346,322,1
346,328,7
346,329,23
346,332,14
346,333,15
346,334,99
346,335,19
346,336,84
346,338,8
346,350,24
346,351,3
346,352,4
346,357,6
346,358,523
346,360,99
346,361,2
346,339,12
346,342,9
346,344,34
346,473,9
346,475,1
346,570,1
346,580,1
346,584,1
346,639,1
346,653,4
346,658,9
346,58,1
346,705,2
346,711,21
346,61,1
346,63,1
346,66,1
346,68,1
346,69,1
346,81,1
346,85,1
346,86,1
346,89,1
346,91,4
346,98,1
346,101,1
346,111,1
346,113,1
346,115,1
346,118,1
346,122,1
346,717,1
346,718,2
346,765,1
346,768,1
346,723,2
346,727,1
346,733,1
346,751,1
346,752,1
346,826,367
346,836,4
347,332,2
347,346,4
347,350,4
347,358,3
347,360,1
347,711,2
348,332,2
348,346,11
348,347,3
348,350,1
348,358,3
348,360,6
348,711,2
349,332,2
349,346,4
349,357,4
349,358,3
349,360,1
349,711,2
350,332,5
350,336,9
350,346,78
350,347,4
350,353,4
350,358,17
350,359,2
350,360,10
350,342,3
350,344,3
350,473,3
350,711,4
350,61,1
350,717,1
350,768,1
350,751,1
350,826,9
351,332,2
351,346,11
351,347,1
351,348,3
351,350,2
351,358,3
351,360,6
351,711,2
352,332,2
352,336,2
352,346,15
352,357,2
352,358,7
352,360,2
352,344,1
352,473,2
352,711,3
352,61,1
352,768,1
352,751,1
352,826,4
353,336,16
353,345,154
353,346,64
353,358,76
353,711,16
353,61,1
353,768,1
353,733,1
353,826,49
354,316,51
354,266,3
354,332,7
354,335,2
354,336,6
354,346,154
354,358,171
354,360,42
354,584,1
354,711,10
354,61,1
354,85,1
354,101,1
354,115,1
354,118,1
354,122,1
354,718,3
354,768,1
354,722,1
354,723,9
354,727,1
354,751,1
354,826,125
355,328,4
355,336,7
355,346,6
355,358,3
355,360,1
355,361,12
355,717,1
355,768,1
355,723,4
355,751,1
355,826,18
356,141,1
356,332,4
356,336,10
356,346,96
356,353,4
356,357,2
356,358,29
356,359,2
356,360,15
356,344,2
356,473,2
356,711,10
356,61,1
356,715,1
356,768,1
356,751,1
356,826,14
357,332,4
357,336,10
357,346,104
357,349,4
357,353,4
357,358,31
357,359,2
357,360,18
357,344,2
357,473,2
357,711,7
357,61,1
357,715,1
357,768,1
357,751,1
357,826,13
358,826,8
358,852,2
359,336,11
359,345,25
359,346,7
359,358,7
359,342,3
359,711,18
359,768,1
359,733,1
359,826,3
360,316,1
360,332,4
360,333,4
360,335,4
360,336,3
360,354,2
360,356,9
360,357,4
360,358,118
360,343,2
360,653,1
360,711,18
360,61,1
360,91,2
360,717,1
360,768,1
360,751,1
360,826,54
360,838,2
360,852,2
361,328,31
361,333,2
361,335,28
361,336,59
361,346,136
361,358,68
361,360,28
361,339,2
361,342,7
361,344,24
361,584,1
361,69,1
361,91,2
361,101,1
361,717,1
361,768,1
361,722,1
361,723,28
361,751,1
361,826,85
339,328,11
339,336,16
339,358,3
339,723,2
374,375,2
374,407,1
374,368,1
374,370,3
374,453,1
374,373,1
374,463,1
375,370,2
376,375,2
376,407,1
376,368,4
376,370,3
376,371,2
376,453,1
376,373,1
376,463,4
377,362,1
377,375,2
377,384,5
377,380,1
377,386,1
377,392,1
377,395,1
377,407,1
377,365,1
377,368,2
377,369,1
377,370,3
377,431,1
377,439,1
377,443,1
377,444,1
377,448,1
377,450,1
377,453,1
377,769,1
377,373,1
378,362,10
378,375,2
378,386,3
378,392,8
378,395,3
378,407,8
378,365,4
378,368,15
378,369,2
378,370,2
378,371,2
378,431,3
378,439,3
378,443,6
378,444,3
378,448,3
378,450,1
378,453,18
378,769,2
378,373,6
363,370,1
383,384,12
383,380,3
383,381,11
383,382,10
383,407,16
383,769,6
383,462,4
383,463,2
384,383,4
384,380,6
384,381,7
384,382,3
384,407,1
384,769,6
384,462,2
384,463,1
379,453,7
380,375,1
380,381,3
380,382,17
380,370,1
380,462,10
380,463,10
381,380,2
382,380,15
382,407,3
382,462,9
382,463,10
385,428,3
385,453,4
385,769,3
385,373,3
386,362,3
386,407,3
386,369,4
386,448,3
386,453,5
386,373,2
388,412,2
388,453,5
388,373,2
387,413,2
387,373,2
389,390,2
389,448,2
389,453,3
389,373,2
390,407,1
390,428,4
390,448,4
390,453,3
390,373,2
391,414,2
391,453,2
391,373,2
392,407,3
392,412,7
392,365,2
392,368,5
392,369,5
392,449,4
392,450,6
392,453,19
392,769,3
392,373,3
393,407,1
393,414,4
393,448,8
393,453,8
393,769,2
393,373,2
394,414,2
394,453,2
394,373,2
395,407,1
395,414,5
395,453,5
395,769,2
395,373,2
396,407,1
396,413,2
396,373,2
397,407,1
397,413,2
397,368,4
397,369,4
397,373,2
398,407,1
398,413,2
398,365,3
398,368,4
398,369,1
398,373,2
399,428,2
399,453,3
399,769,2
399,373,2
400,407,1
400,414,5
400,453,8
400,769,2
400,373,2
401,405,3
401,370,2
401,449,3
401,453,2
401,769,3
401,373,3
402,405,2
402,365,2
402,370,1
402,449,6
402,453,4
402,769,2
402,373,2
403,405,2
403,453,2
403,769,2
403,373,2
404,405,2
404,737,3
404,769,2
404,373,2
405,407,3
405,453,8
405,769,2
405,373,2
406,413,2
406,373,2
407,432,2
407,453,9
407,769,7
407,373,5
408,414,2
408,453,2
408,769,2
408,373,2
409,392,3
409,453,6
409,769,3
409,373,2
410,407,1
410,413,2
410,448,4
410,373,2
411,413,2
411,448,3
411,373,2
412,407,3
412,453,7
412,769,2
412,373,2
413,407,3
413,453,5
413,769,2
413,373,3
414,407,3
414,453,8
414,769,2
414,373,2
415,419,3
415,370,2
415,449,3
415,453,4
415,373,3
416,419,2
416,365,2
416,370,1
416,449,6
416,453,5
416,373,2
417,419,2
417,453,3
417,373,2
418,419,2
418,737,3
418,453,2
418,373,2
419,407,3
419,453,11
419,373,2
420,407,1
420,413,2
420,769,3
420,373,2
421,407,1
421,413,2
421,769,2
421,373,2
422,413,2
422,769,2
422,373,2
423,428,2
423,430,3
423,448,2
423,769,2
423,373,2
424,414,2
424,448,3
424,373,2
425,414,2
425,453,2
425,373,2
426,392,3
426,453,6
426,769,3
426,373,2
427,413,2
427,373,2
428,407,3
428,453,11
428,769,2
428,373,2
429,412,2
429,453,2
429,769,2
429,373,2
364,144,5
364,145,10
364,147,9
364,149,10
364,152,7
364,153,5
364,154,6
364,155,8
364,156,11
364,160,4
364,161,4
364,162,4
364,165,1
364,166,3
364,167,3
364,168,4
364,175,7
364,189,7
364,190,7
364,191,8
364,192,8
364,193,4
364,194,2
364,196,4
364,197,13
364,198,12
364,199,10
364,200,6
364,201,6
364,205,5
364,206,4
364,207,3
364,209,4
364,210,3
364,213,4
364,221,6
364,235,4
364,237,4
364,238,5
364,239,8
364,240,4
364,242,6
364,244,8
364,245,8
364,246,4
364,249,13
364,251,22
364,252,11
364,253,4
364,254,5
364,255,5
364,256,4
364,257,10
364,258,7
364,260,8
364,261,6
364,262,5
364,265,78
364,266,140
364,267,4
364,268,4
364,269,5
364,270,10
364,271,6
364,277,10
364,281,5
364,286,5
364,287,4
364,289,2
364,290,6
364,291,2
364,292,4
364,293,5
364,294,4
364,295,6
364,296,4
364,298,5
364,301,6
364,303,4
364,304,7
364,306,6
364,307,4
364,308,4
364,314,4
364,374,1
364,376,3
364,377,1
364,378,1
364,385,3
364,388,5
364,389,19
364,391,3
364,392,15
364,393,7
364,394,7
364,395,31
364,396,3
364,399,5
364,400,3
364,401,7
364,402,3
364,403,3
364,404,3
364,407,6
364,408,5
364,409,9
364,410,11
364,411,27
364,415,9
364,416,13
364,417,7
364,418,7
364,420,9
364,421,17
364,422,3
364,423,3
364,425,7
364,426,9
364,427,15
364,429,3
364,365,12
364,366,9
364,367,12
364,368,9
364,369,5
364,370,296
364,371,1
364,372,4
364,431,7
364,433,3
364,434,5
364,436,18
364,437,5
364,438,7
364,441,3
364,443,5
364,444,3
364,446,5
364,447,5
364,448,16
364,449,39
364,450,27
364,451,14
364,452,3
364,453,201
364,454,3
364,456,5
364,457,3
364,458,11
364,459,3
364,460,3
364,769,59
364,373,1
364,342,27
364,658,1
364,61,4
364,718,2
365,368,10
365,369,7
365,370,5
365,371,2
365,453,5
366,401,1
366,370,2
366,371,5
366,448,3
366,449,1
366,453,2
366,769,1
366,342,1
367,370,7
367,448,5
368,362,3
368,401,1
368,407,3
368,420,2
368,365,1
368,369,4
368,370,5
368,371,9
368,448,3
368,449,6
368,453,6
368,769,1
368,342,1
369,368,7
369,370,3
369,371,6
369,453,2
370,375,2
370,407,2
370,365,1
370,367,3
370,368,1
370,369,1
370,448,3
370,453,4
370,769,4
370,463,3
371,375,5
371,397,5
371,398,5
371,401,1
371,407,10
371,409,1
371,415,3
371,365,8
371,367,5
371,368,9
371,369,8
371,370,12
371,448,5
371,449,12
371,450,1
371,453,13
371,769,20
371,463,7
372,365,5
372,368,1
372,370,1
372,371,4
372,453,2
372,458,3
430,453,1
431,365,3
431,451,1
431,453,19
431,769,1
432,453,6
433,453,1
434,453,14
434,769,1
435,439,1
436,439,1
437,431,8
437,453,21
437,769,7
438,453,12
438,769,1
439,453,1
440,438,5
440,453,4
440,769,1
441,438,1
441,440,2
442,455,2
443,365,3
443,439,3
443,444,17
443,451,1
443,453,1
444,365,3
444,439,3
444,443,3
444,451,1
444,453,1
737,769,2
446,365,3
446,447,13
446,453,10
446,769,1
447,453,4
448,453,1
449,365,5
449,366,3
449,368,4
449,369,6
449,370,3
449,372,4
449,453,1
450,455,4
451,439,1
451,453,1
452,453,1
453,365,2
453,769,1
454,365,3
454,453,15
454,769,1
455,453,1
456,453,9
456,769,1
457,431,3
457,453,10
457,454,3
457,769,4
458,365,3
458,439,1
459,431,5
459,453,10
459,769,1
460,455,2
769,453,10
462,407,8
462,448,3
462,463,3
463,390,4
463,391,2
463,393,2
463,407,4
463,410,4
463,411,3
463,370,4
463,448,8
463,373,4
463,462,41
464,466,1
465,466,1
466,363,2
466,389,3
466,390,1
466,392,5
466,395,3
466,397,3
466,398,4
466,403,3
466,405,2
466,407,8
466,410,4
466,411,4
466,414,2
466,417,3
466,419,3
466,420,3
466,425,3
466,428,1
466,364,2
466,365,3
466,368,9
466,369,1
466,370,3
466,371,4
466,372,7
466,442,3
466,443,4
466,448,2
466,453,5
466,455,2
466,769,7
466,373,10
466,91,2
466,107,1
466,826,3
340,149,5
340,317,5
340,265,5
340,323,2
340,330,3
340,332,5
340,333,5
340,336,2
340,360,11
340,341,1
340,342,2
340,580,4
340,582,21
340,584,8
340,658,3
340,687,1
340,58,3
340,711,2
340,61,11
340,91,19
340,101,7
340,768,2
340,751,10
340,824,5
340,826,2
340,836,3
343,332,3
343,333,3
343,336,2
343,711,5
467,358,44
467,826,27
467,838,6
344,329,6
344,336,11
344,358,3
344,711,6
468,469,8
468,570,1
468,578,3
468,61,7
468,91,8
468,806,1
469,480,23
469,570,3
469,61,11
469,93,7
469,101,3
469,118,2
469,715,3
469,717,2
469,768,4
469,770,2
469,806,1
469,837,61
470,61,10
470,91,2
471,251,12
471,259,13
471,260,7
471,265,21
471,266,3
471,61,12
471,63,17
471,717,15
471,768,10
471,751,5
472,154,8
472,167,4
472,249,6
472,251,7
472,260,2
472,265,23
472,322,2
472,325,2
472,327,1
472,471,1
472,473,7
472,584,1
472,653,2
472,711,11
472,61,44
472,63,16
472,64,1
472,85,1
472,96,7
472,101,7
472,118,8
472,716,7
472,717,14
472,768,55
472,733,8
472,736,3
472,740,2
472,749,4
472,751,37
472,861,2
473,571,8
473,91,2
475,473,4
475,570,1
475,653,2
475,59,10
475,61,21
475,64,4
475,69,2
475,81,13
475,107,1
475,118,3
475,768,10
475,749,2
475,751,11
483,139,4
483,141,3
483,491,1
483,506,2
483,584,5
483,61,3
483,69,4
483,101,11
483,715,4
483,768,8
483,745,2
483,751,2
484,139,4
484,141,203
484,489,2
484,518,1
484,529,2
484,497,42
484,500,28
484,714,24
484,506,5
484,507,2
484,512,1
484,513,36
484,61,23
484,63,17
484,69,7
484,85,6
484,86,3
484,101,6
484,106,4
484,107,3
484,118,4
484,122,2
484,768,194
484,745,2
484,751,132
485,491,1
486,491,3
486,529,2
486,497,2
486,714,8
486,513,1
486,61,4
487,139,4
487,141,5
487,484,4
487,499,1
487,504,2
487,506,10
487,61,11
487,64,4
487,69,5
487,101,7
487,768,11
487,745,3
487,751,5
487,850,3
488,139,4
488,141,30
488,484,13
488,486,10
488,491,1
488,497,3
488,506,3
488,61,11
488,64,1
488,69,5
488,85,2
488,101,8
488,106,4
488,118,1
488,768,33
488,745,2
488,751,15
489,139,4
489,141,8
489,501,1
489,502,1
489,511,14
489,61,8
489,63,7
489,69,5
489,101,11
489,107,4
489,715,4
489,768,12
489,745,2
489,751,12
518,489,1
518,506,1
518,61,2
491,497,1
492,139,4
492,502,1
492,511,2
492,61,4
492,69,5
492,101,6
492,768,2
492,745,3
529,483,3
529,484,2
529,485,2
529,487,1
529,488,1
529,489,3
529,518,1
529,491,1
529,492,1
529,515,3
529,496,1
529,499,1
529,502,2
529,503,2
529,714,5
529,506,2
529,507,1
529,508,1
529,509,2
529,510,2
529,511,1
529,61,12
529,91,2
529,101,17
529,768,1
529,805,2
494,485,1
494,495,5
494,61,2
495,475,4
495,491,1
495,497,3
495,61,6
495,69,2
515,139,4
515,141,8
515,529,1
515,514,2
515,61,8
515,64,1
515,69,5
515,93,11
515,101,5
515,106,2
515,768,7
515,745,3
515,751,5
515,868,3
515,869,3
515,872,2
515,874,6
515,876,5
515,879,1
496,141,4
496,484,3
496,497,1
496,61,12
496,93,4
496,101,5
496,106,2
496,768,6
496,751,5
496,866,2
496,869,4
496,872,2
496,876,5
496,877,2
516,485,2
516,517,6
516,61,6
516,850,3
517,491,8
517,545,3
517,556,1
517,497,2
517,714,5
517,513,2
517,61,4
518,139,4
518,484,1
518,485,2
518,489,25
518,518,2
518,529,2
518,495,4
518,545,1
518,546,2
518,552,2
518,556,1
518,497,2
518,714,3
518,506,11
518,511,1
518,513,17
518,61,31
518,64,3
518,69,3
518,101,7
518,106,9
518,107,6
518,111,5
518,717,5
518,768,15
518,745,2
519,489,3
519,518,8
519,550,5
519,557,1
519,506,4
519,61,1
519,111,2
519,717,2
519,768,5
519,751,6
520,519,1
520,547,3
520,550,4
520,557,2
520,580,2
520,584,4
520,101,3
520,715,4
520,717,3
520,768,4
520,751,4
520,752,2
521,491,2
521,495,4
521,506,4
521,61,3
582,547,3
582,550,4
582,551,8
582,557,4
582,101,3
582,715,3
582,717,2
582,768,4
582,751,5
523,484,8
523,486,11
523,488,10
523,489,8
523,491,6
523,492,5
523,519,3
523,520,2
523,582,2
523,524,2
523,525,2
523,526,2
523,527,2
523,531,6
523,535,2
523,536,2
523,537,2
523,538,2
523,545,1
523,547,18
523,548,2
523,549,1
523,550,20
523,552,2
523,556,1
523,557,25
523,497,1
523,499,1
523,502,49
523,714,11
523,506,10
523,507,7
523,508,10
523,509,3
523,511,17
523,513,26
523,584,2
523,61,39
523,64,5
523,68,2
523,89,6
523,101,5
523,106,5
523,118,7
523,122,2
523,768,70
523,751,28
524,582,3
524,547,3
524,550,4
524,551,5
524,557,2
524,101,3
524,768,4
524,751,4
525,582,3
525,547,3
525,550,4
525,551,5
525,557,4
525,101,3
525,768,6
525,751,4
526,582,3
526,547,3
526,550,4
526,551,5
526,557,3
526,101,3
526,768,5
526,751,4
527,547,3
527,551,7
527,101,4
527,715,3
527,717,2
527,768,6
527,751,6
528,139,4
528,140,5
528,141,17
528,491,3
528,495,3
528,556,2
528,504,3
528,506,4
528,61,12
528,69,6
528,101,10
528,106,2
528,107,3
528,118,3
528,768,16
528,745,3
528,751,21
529,141,4
529,485,3
529,489,4
529,491,2
529,529,2
529,516,2
529,518,3
529,521,3
529,528,1
529,545,1
529,546,4
529,552,1
529,556,1
529,558,1
529,502,4
529,506,2
529,61,7
529,69,2
529,101,11
529,768,3
529,751,3
530,548,1
530,549,2
530,580,2
530,584,4
530,101,2
530,715,4
530,752,2
531,484,1
531,491,3
531,532,2
531,533,2
531,534,2
531,535,2
531,545,1
531,548,14
531,549,25
531,742,1
531,556,1
531,501,2
531,502,51
531,714,23
531,506,10
531,507,7
531,511,17
531,513,13
531,584,2
531,61,6
531,64,1
531,68,2
531,101,2
531,106,2
531,768,28
531,751,37
532,530,6
532,548,3
532,549,2
532,101,4
532,715,1
532,717,2
532,768,9
532,751,5
533,530,6
533,548,7
533,549,2
533,101,4
533,715,1
533,717,2
533,768,13
533,751,5
534,530,6
534,548,5
534,549,2
534,101,4
534,715,1
534,717,2
534,768,11
534,751,5
535,530,9
535,548,1
535,549,3
535,101,4
535,715,1
535,717,2
535,768,6
535,751,4
536,530,10
536,548,4
536,549,3
536,557,2
536,101,4
536,715,1
536,717,2
536,768,9
536,751,5
537,530,10
537,548,10
537,549,3
537,557,4
537,101,4
537,715,1
537,717,2
537,768,13
537,751,5
538,530,10
538,548,7
538,549,3
538,557,3
538,101,4
538,715,1
538,717,2
538,768,11
538,751,5
539,553,1
539,554,2
539,580,2
539,584,4
539,101,2
539,715,4
539,752,2
540,541,2
540,542,2
540,543,2
540,544,2
540,545,1
540,553,15
540,554,30
540,556,1
540,502,54
540,714,11
540,506,3
540,511,15
540,513,17
540,584,2
540,61,6
540,64,1
540,68,2
540,101,2
540,106,3
540,768,27
540,751,42
541,539,6
541,553,3
541,554,2
541,101,4
541,715,1
541,717,2
541,768,9
541,751,5
542,539,6
542,553,7
542,554,2
542,101,4
542,715,1
542,717,2
542,768,13
542,751,5
543,539,6
543,553,5
543,554,2
543,101,4
543,715,1
543,717,2
543,768,11
543,751,5
544,539,9
544,553,1
544,554,3
544,101,4
544,715,1
544,717,2
544,768,6
544,751,4
545,489,2
545,492,1
545,502,27
545,508,3
545,509,9
545,511,1
545,61,8
545,64,3
545,89,4
545,101,3
545,118,4
545,768,6
545,751,5
546,139,4
546,141,13
546,483,3
546,484,5
546,485,7
546,491,4
546,494,3
546,518,2
546,521,2
546,523,2
546,545,4
546,742,1
546,506,3
546,511,3
546,584,2
546,61,14
546,63,6
546,64,3
546,69,5
546,89,7
546,101,12
546,111,2
546,717,3
546,768,20
546,745,2
546,751,18
547,61,2
547,768,2
548,768,3
548,751,3
549,768,2
549,751,2
550,751,4
551,547,2
551,580,2
551,584,4
551,101,2
551,715,4
551,752,2
552,141,5
552,483,3
552,484,1
552,491,5
552,521,2
552,523,2
552,545,2
552,742,1
552,506,4
552,511,5
552,584,2
552,61,14
552,63,7
552,64,3
552,69,5
552,89,7
552,101,13
552,717,1
552,768,15
552,745,2
552,751,10
553,768,2
553,751,2
554,768,2
554,751,2
742,523,2
742,531,4
742,540,4
742,511,3
742,584,3
742,61,3
742,101,2
556,491,9
556,545,3
556,497,2
556,504,3
556,714,5
556,61,4
557,550,1
557,768,3
557,751,2
558,139,4
558,141,7
558,523,4
558,528,5
558,545,2
558,547,4
558,550,4
558,557,2
558,502,4
558,506,1
558,511,1
558,61,6
558,63,5
558,69,4
558,101,5
558,107,3
558,715,3
558,768,10
558,745,2
558,751,6
497,491,1
498,497,46
498,502,14
498,714,4
498,513,18
498,61,28
498,768,26
499,139,4
499,141,25
499,475,5
499,484,6
499,485,7
499,491,1
499,529,4
499,494,2
499,506,4
499,61,11
499,69,4
499,101,7
499,106,7
499,118,1
499,717,9
499,768,32
499,745,2
499,751,18
500,497,46
500,513,18
500,61,25
500,63,61
500,64,1
500,86,3
500,118,5
500,768,13
501,502,1
502,501,4
502,511,3
502,768,2
503,483,1
503,485,2
503,489,1
503,518,1
503,491,1
503,529,1
503,502,2
503,506,1
503,61,10
503,101,2
504,491,4
504,495,2
504,61,4
504,69,2
504,101,1
714,141,19
714,61,26
714,101,23
714,768,13
714,751,13
506,139,4
506,141,14
506,484,22
506,491,8
506,529,4
506,497,3
506,504,4
506,61,17
506,69,10
506,85,1
506,101,9
506,106,2
506,118,2
506,768,12
506,745,3
506,751,13
507,139,4
507,141,33
507,475,2
507,484,6
507,488,10
507,497,1
507,499,1
507,509,24
507,61,22
507,64,2
507,69,15
507,101,13
507,107,3
507,768,44
507,745,3
507,751,22
508,139,4
508,141,6
508,488,2
508,502,1
508,507,4
508,509,4
508,511,2
508,61,7
508,69,11
508,101,13
508,118,2
508,768,7
508,745,2
508,751,9
509,139,10
509,141,38
509,484,8
509,497,1
509,498,5
509,502,2
509,511,20
509,513,1
509,61,26
509,63,13
509,64,2
509,69,5
509,85,4
509,101,13
509,107,5
509,122,7
509,717,4
509,768,55
509,745,4
509,751,42
510,139,4
510,141,28
510,484,9
510,489,4
510,518,1
510,491,2
510,529,4
510,497,18
510,498,9
510,499,2
510,500,1
510,502,16
510,506,12
510,507,4
510,508,5
510,509,98
510,511,41
510,513,4
510,61,53
510,64,2
510,69,11
510,92,5
510,101,15
510,106,2
510,107,3
510,118,6
510,122,8
510,717,2
510,768,85
510,745,3
510,751,20
511,139,10
511,141,23
511,529,4
511,502,44
511,61,19
511,69,12
511,101,21
511,106,2
511,107,4
511,118,1
511,122,2
511,768,18
511,745,4
511,751,21
512,502,16
512,714,4
512,61,1
512,64,1
512,89,3
512,101,4
512,768,7
512,751,4
513,636,4
513,639,1
513,61,31
513,64,2
513,66,5
513,106,6
513,118,7
513,768,32
477,325,4
477,327,1
477,61,11
477,89,5
477,101,1
478,475,1
478,61,2
478,805,2
478,806,2
479,139,3
479,141,4
479,142,3
479,475,3
479,61,9
479,69,5
479,81,2
479,93,11
479,101,11
479,106,2
479,107,3
479,118,5
479,765,7
479,768,26
479,868,2
479,869,6
479,876,3
480,141,62
480,142,3
480,50,3
480,653,2
480,61,55
480,63,3
480,64,3
480,93,2
480,101,7
480,106,4
480,107,5
480,118,11
480,717,3
480,768,109
480,805,2
480,751,8
480,752,10
560,139,4
560,141,24
560,50,3
560,61,68
560,64,11
560,68,2
560,69,4
560,93,52
560,101,1
560,106,11
560,107,1
560,118,4
560,768,73
560,745,3
560,751,42
560,866,2
560,868,27
560,869,3
560,872,1
560,874,7
560,876,50
560,879,27
561,139,4
561,141,5
561,475,3
561,560,7
561,562,4
561,61,22
561,64,2
561,69,4
561,101,2
561,118,1
561,768,19
561,745,3
561,751,12
562,139,8
562,141,33
562,142,3
562,475,3
562,559,2
562,560,5
562,561,1
562,563,1
562,564,1
562,565,1
562,566,1
562,567,2
562,714,4
562,61,81
562,63,7
562,69,7
562,85,4
562,91,1
562,93,3
562,101,15
562,106,8
562,118,16
562,715,4
562,768,109
562,805,2
562,745,3
562,751,41
562,868,5
562,872,2
562,874,4
563,139,4
563,141,25
563,560,3
563,561,5
563,562,1
563,564,8
563,61,24
563,64,3
563,69,4
563,85,3
563,92,2
563,93,4
563,101,2
563,106,4
563,118,5
563,126,1
563,717,5
563,768,35
563,745,3
563,751,34
563,752,2
563,868,7
563,872,4
563,874,10
564,141,12
564,560,1
564,561,6
564,61,19
564,69,4
564,93,4
564,101,4
564,106,3
564,118,6
564,126,1
564,715,2
564,717,5
564,768,27
564,745,3
564,751,17
564,752,2
564,868,3
564,872,2
564,874,4
564,876,1
565,139,4
565,141,17
565,560,1
565,561,14
565,562,1
565,61,24
565,64,4
565,69,4
565,85,3
565,93,11
565,101,4
565,106,7
565,118,12
565,126,2
565,717,5
565,768,45
565,745,3
565,751,37
565,752,3
565,868,3
565,872,1
565,874,4
565,876,1
566,139,4
566,141,7
566,567,38
566,653,3
566,61,16
566,64,4
566,69,4
566,101,2
566,106,2
566,768,14
566,745,3
566,751,15
566,752,2
566,872,1
567,139,4
567,141,19
567,475,5
567,560,3
567,653,4
567,61,43
567,64,7
567,69,7
567,81,3
567,93,12
567,101,2
567,106,7
567,118,4
567,715,3
567,717,3
567,768,50
567,745,3
567,751,27
567,752,2
567,868,3
567,869,3
567,872,2
567,874,6
567,876,10
567,879,1
481,141,8
481,475,8
481,576,2
481,653,3
481,61,34
481,64,5
481,69,6
481,85,2
481,86,2
481,95,3
481,101,9
481,115,2
481,126,8
481,715,2
481,717,10
481,768,27
481,805,2
481,745,1
481,751,17
481,821,2
482,139,7
482,141,13
482,475,4
482,653,2
482,61,16
482,64,5
482,69,10
482,81,3
482,95,2
482,101,1
482,107,4
482,717,5
482,768,14
482,805,2
482,745,3
482,751,2
482,752,2
52,584,3
52,61,1
52,64,12
52,69,7
52,101,23
52,107,1
52,766,1
52,768,11
52,769,2
568,574,5
568,575,1
568,576,1
568,61,3
568,64,3
568,126,3
568,751,1
737,577,2
737,61,3
737,111,4
737,768,7
737,738,5
737,751,5
570,325,2
570,327,1
570,475,3
570,737,31
570,573,2
570,577,1
570,61,11
570,111,2
570,768,9
570,738,5
579,584,20
579,101,12
579,715,2
579,717,6
579,768,35
579,751,11
580,141,5
580,571,11
580,586,13
580,599,13
580,711,11
580,101,11
580,717,11
580,768,11
580,751,37
581,571,3
581,580,4
581,584,35
581,635,2
581,711,4
581,101,20
581,715,5
581,717,10
581,768,50
581,723,2
581,742,4
581,751,15
581,752,5
582,149,6
582,317,2
582,265,4
582,340,1
582,571,2
582,580,2
582,584,62
582,588,3
582,591,3
582,592,1
582,658,4
582,711,4
582,61,1
582,101,27
582,715,2
582,717,13
582,768,161
582,751,27
582,752,3
583,589,3
583,838,1
584,473,4
584,475,2
584,580,5
584,602,1
584,58,4
584,61,5
584,64,2
584,96,3
584,101,38
584,715,3
584,717,25
584,768,177
584,723,3
584,751,27
584,752,9
585,149,2
585,265,2
585,582,2
585,584,1
585,588,2
585,601,2
585,658,2
585,711,2
585,61,3
585,91,5
585,101,2
585,752,2
586,136,7
587,473,4
587,571,2
587,580,3
587,584,9
587,61,5
587,101,3
587,715,2
587,717,2
587,768,5
587,770,6
587,749,3
587,751,7
587,752,2
588,149,51
588,265,27
588,332,5
588,473,47
588,571,2
588,580,1
588,584,53
588,592,1
588,658,4
588,711,4
588,61,26
588,101,26
588,715,2
588,717,48
588,768,162
588,751,53
588,752,2
589,138,113
589,141,21
589,358,248
589,360,3
589,473,4
589,475,1
589,580,56
589,581,4
589,584,7
589,586,4
589,635,28
589,599,1
589,711,16
589,61,4
589,64,3
589,91,10
589,95,6
589,101,6
589,118,1
589,715,6
589,717,1
589,768,1
589,727,4
589,728,4
589,742,2
589,751,1
589,752,3
589,826,59
589,838,7
635,571,2
635,580,45
635,584,16
635,711,3
635,61,2
635,101,154
635,715,19
635,717,49
635,768,250
635,749,3
635,751,107
635,752,88
591,317,13
591,473,21
591,571,2
591,580,3
591,582,2
591,584,30
591,658,4
591,711,4
591,61,12
591,101,12
591,715,5
591,717,17
591,768,36
591,751,24
591,752,2
592,149,2
593,571,2
593,584,5
593,100,1
593,101,3
593,129,4
593,717,2
593,768,4
593,751,2
593,752,2
594,571,2
594,584,5
594,101,3
594,111,5
594,715,2
594,717,3
594,768,4
594,751,2
594,752,2
595,473,4
595,475,4
595,580,3
595,581,4
595,584,7
595,635,1
595,711,2
595,61,5
595,101,3
595,715,2
595,717,2
595,768,5
595,736,4
595,749,3
595,751,6
595,752,2
596,141,5
596,473,1
596,475,4
596,580,2
596,584,7
596,635,3
596,61,9
596,101,3
596,715,7
596,717,2
596,768,8
596,734,1
596,749,5
596,751,11
597,141,4
597,584,4
597,635,3
597,596,10
597,101,3
597,717,2
597,768,4
597,751,2
598,138,17
598,141,3
598,360,1
598,580,4
598,584,6
598,635,6
598,595,2
598,596,2
598,597,2
598,711,3
598,101,5
598,715,3
598,717,2
598,768,9
598,727,3
598,728,3
598,742,2
598,751,3
598,752,3
600,580,1
600,584,7
600,61,5
600,101,3
600,715,2
600,717,2
600,768,4
600,770,7
600,749,3
600,751,7
600,752,2
601,149,3
601,265,3
601,584,6
601,588,2
601,658,5
601,711,3
601,61,9
601,101,2
601,717,2
601,768,2
601,749,3
601,751,9
601,752,2
602,580,1
602,584,2
602,101,3
602,717,2
602,768,5
602,723,2
602,751,2
602,752,2
603,584,17
603,101,12
603,717,6
603,768,35
603,751,11
603,752,2
572,575,1
572,126,4
572,717,2
572,768,2
573,61,1
573,768,5
573,738,5
574,473,2
574,474,2
574,475,2
574,476,2
574,576,4
574,61,11
574,64,1
574,91,2
574,111,3
574,126,10
574,127,3
574,717,4
574,768,4
574,736,3
574,751,3
576,61,4
576,93,1
576,126,26
576,768,3
576,751,20
577,325,2
577,327,1
577,737,3
577,578,2
577,61,6
577,768,4
577,738,2
578,768,6
578,738,2
605,141,10
605,628,17
605,631,8
605,638,2
605,639,1
605,653,2
605,61,14
605,63,43
605,85,11
605,101,2
605,118,2
605,122,2
605,768,35
605,751,18
606,141,16
606,639,7
606,61,12
606,93,12
606,768,18
606,751,18
606,866,3
606,872,3
606,876,2
606,877,3
606,833,5
606,834,3
606,835,3
607,141,7
607,636,3
607,61,1
607,95,2
607,717,2
607,768,6
607,751,3
607,752,2
608,141,5
608,626,1
608,629,2
608,118,1
608,768,9
608,751,5
609,475,3
609,622,3
609,630,26
609,631,2
609,632,2
609,635,3
609,639,2
609,641,13
609,648,2
609,61,4
609,64,1
609,118,1
609,768,53
609,751,3
610,617,46
610,625,21
610,632,40
610,636,10
610,61,13
610,101,12
610,111,10
610,717,21
610,768,41
610,751,21
611,635,3
611,61,2
611,101,2
611,752,2
612,635,3
612,61,4
612,101,2
612,768,5
612,752,2
613,612,3
613,617,1
613,625,3
613,639,2
613,61,1
613,101,3
613,768,3
613,751,4
614,611,4
614,617,1
614,625,3
614,639,1
614,61,1
614,101,3
614,768,5
614,751,3
615,635,20
615,616,13
615,617,38
615,625,21
615,635,1
615,101,13
615,111,10
615,717,21
615,768,51
615,751,12
616,635,8
616,617,9
616,635,2
616,61,3
616,101,3
617,635,3
617,609,6
617,625,5
617,630,34
617,61,13
617,101,2
617,715,2
617,768,36
617,751,2
617,752,2
618,612,3
618,639,2
618,61,1
618,101,3
618,768,3
618,751,4
619,611,4
619,61,1
619,101,3
619,768,5
619,751,3
620,635,20
620,616,13
620,617,28
620,635,1
620,69,3
620,101,11
620,111,10
620,717,21
620,768,52
620,751,11
604,141,11
604,358,204
604,467,28
604,475,8
604,584,7
604,635,17
604,602,9
604,639,2
604,653,1
604,61,66
604,64,14
604,69,27
604,85,1
604,101,105
604,106,12
604,107,7
604,717,12
604,768,196
604,778,34
604,805,2
604,751,63
604,752,15
604,826,146
604,832,2
621,141,25
621,584,5
621,635,2
621,625,3
621,628,23
621,631,13
621,638,3
621,639,1
621,653,2
621,61,18
621,64,2
621,69,6
621,85,21
621,92,6
621,101,8
621,106,7
621,113,9
621,717,3
621,768,33
621,745,2
621,751,27
621,752,3
622,584,14
622,635,3
622,625,2
622,636,11
622,638,1
622,653,21
622,61,6
622,64,1
622,69,6
622,101,25
622,717,11
622,768,90
622,745,2
622,751,23
622,752,4
623,635,2
623,625,2
623,626,2
623,631,3
623,638,1
623,640,2
623,653,3
623,61,6
623,63,2
623,64,1
623,69,10
623,101,3
623,717,2
623,768,8
623,745,2
623,751,5
623,752,2
624,141,18
624,584,5
624,635,13
624,602,2
624,626,2
624,631,17
624,636,4
624,640,3
624,653,13
624,61,28
624,63,31
624,64,22
624,69,25
624,101,47
624,118,2
624,717,8
624,765,21
624,768,87
624,751,34
624,752,12
625,141,37
625,475,1
625,635,1
625,605,1
625,613,3
625,614,3
625,615,3
625,616,2
625,620,3
625,626,2
625,631,6
625,635,16
625,636,8
625,638,1
625,639,1
625,652,1
625,653,8
625,61,22
625,63,12
625,64,14
625,69,12
625,89,6
625,100,4
625,101,15
625,107,3
625,118,3
625,715,1
625,717,3
625,765,1
625,768,64
625,745,2
625,751,30
625,752,1
625,826,4
643,473,6
643,475,5
643,570,4
643,626,3
643,633,11
643,636,3
643,639,1
643,61,18
643,116,5
643,717,1
643,768,10
643,733,3
643,737,4
643,738,3
643,751,6
626,141,38
626,142,3
626,325,1
626,475,7
626,635,7
626,605,1
626,606,2
626,607,1
626,608,1
626,609,1
626,615,5
626,616,4
626,620,5
626,604,2
626,621,2
626,622,2
626,624,2
626,625,2
626,628,1
626,629,1
626,631,95
626,632,1
626,634,1
626,635,4
626,636,9
626,637,1
626,638,20
626,639,6
626,640,1
626,641,2
626,646,6
626,648,11
626,652,1
626,653,6
626,58,4
626,61,116
626,63,12
626,64,33
626,69,35
626,70,2
626,81,4
626,100,2
626,101,77
626,107,6
626,111,5
626,118,3
626,129,2
626,715,11
626,717,13
626,765,6
626,768,154
626,770,2
626,805,2
626,806,1
626,751,26
626,752,12
626,825,3
626,826,3
626,852,2
627,141,26
627,626,3
627,631,7
627,638,2
627,61,19
627,64,21
627,68,6
627,69,3
627,85,2
627,101,1
627,107,3
627,118,2
627,768,18
628,139,4
628,636,22
628,638,1
628,639,3
628,61,24
628,64,23
628,69,2
628,85,2
628,92,9
628,101,4
628,106,4
628,768,12
628,745,2
629,141,7
629,142,3
629,628,3
629,636,3
629,639,1
629,61,9
629,101,4
629,118,4
629,768,12
629,752,3
630,141,14
630,626,3
630,627,2
630,631,3
630,638,2
630,641,1
630,61,12
630,63,2
630,64,16
630,68,4
630,69,3
630,85,2
630,101,1
630,118,2
630,768,9
631,139,4
631,141,109
631,325,2
631,327,1
631,475,2
631,584,6
631,635,1
631,605,2
631,610,3
631,613,3
631,614,3
631,615,3
631,618,3
631,619,3
631,620,3
631,621,16
631,625,5
631,626,22
631,628,27
631,630,3
631,632,11
631,634,12
631,635,8
631,636,11
631,638,9
631,639,8
631,653,6
631,61,97
631,63,36
631,64,109
631,68,16
631,69,26
631,85,7
631,92,5
631,101,44
631,106,2
631,118,4
631,715,4
631,717,3
631,768,94
631,770,3
631,745,2
631,751,19
631,752,5
631,826,2
631,832,3
632,139,3
632,141,5
632,626,1
632,627,1
632,630,29
632,636,2
632,638,3
632,639,2
632,61,19
632,63,3
632,64,16
632,69,3
632,101,4
632,107,1
632,768,9
632,745,2
633,265,3
633,626,2
633,636,2
633,639,3
633,653,3
633,61,39
633,63,3
633,91,11
633,92,2
633,101,3
633,108,3
633,116,3
633,118,2
633,717,4
633,765,2
633,768,67
633,806,2
633,824,5
634,139,3
634,141,20
634,627,3
634,631,1
634,636,8
634,638,1
634,639,3
634,61,23
634,64,18
634,68,5
634,69,3
634,101,4
634,118,4
634,768,16
634,745,2
634,751,3
635,139,3
635,141,12
635,467,12
635,475,6
635,626,1
635,627,1
635,630,45
635,631,1
635,636,1
635,638,1
635,639,6
635,644,17
635,646,15
635,650,22
635,61,27
635,63,1
635,64,17
635,68,5
635,69,3
635,91,2
635,101,4
635,107,1
635,118,2
635,768,40
635,745,2
636,139,3
636,141,29
636,628,2
636,631,2
636,638,1
636,639,1
636,61,31
636,64,25
636,69,10
636,85,3
636,101,6
636,107,3
636,118,5
636,717,3
636,768,25
636,745,3
636,751,5
637,141,14
637,636,11
637,61,3
637,64,1
637,69,1
637,101,4
637,107,3
637,717,2
637,768,33
637,751,7
638,475,6
638,631,11
638,636,2
638,652,6
638,61,21
638,64,1
638,69,32
638,101,22
638,768,6
638,770,4
639,580,2
639,584,3
639,626,4
639,631,1
639,632,3
639,634,3
639,635,3
639,636,43
639,638,2
639,644,5
639,649,1
639,652,2
639,653,2
639,61,106
639,64,12
639,65,4
639,66,10
639,68,4
639,69,2
639,85,19
639,86,10
639,101,9
639,103,3
639,106,45
639,107,10
639,111,6
639,118,15
639,128,3
639,717,5
639,768,196
639,724,9
639,751,32
639,752,2
639,861,2
640,141,29
640,142,3
640,626,8
640,768,34
640,751,3
640,752,10
644,646,1
644,649,1
645,646,5
645,650,1
646,139,3
646,141,19
646,475,5
646,584,3
646,631,12
646,636,9
646,638,4
646,639,2
646,647,1
646,648,11
646,649,1
646,650,13
646,651,10
646,61,49
646,63,20
646,64,22
646,69,10
646,85,2
646,101,16
646,103,2
646,107,5
646,118,2
646,765,4
646,768,28
646,745,3
647,646,8
647,61,6
648,141,12
648,475,4
648,584,5
648,636,6
648,638,1
648,639,4
648,641,2
648,646,4
648,649,7
648,650,10
648,651,4
648,653,5
648,61,20
648,63,10
648,64,15
648,69,5
648,85,4
648,101,9
648,107,3
648,111,5
648,715,5
648,717,7
648,768,33
648,745,2
649,650,1
649,768,2
650,641,2
650,646,1
650,768,2
651,139,3
651,141,16
651,631,3
651,636,4
651,61,18
651,63,7
651,64,20
651,69,3
651,85,3
651,101,2
651,107,3
651,118,2
651,768,18
653,249,7
653,265,4
653,322,2
653,325,4
653,327,3
653,472,7
653,473,12
653,475,27
653,570,4
653,580,5
653,584,46
653,602,6
653,603,3
653,631,4
653,639,2
653,58,3
653,697,7
653,700,5
653,711,20
653,61,172
653,63,62
653,64,11
653,68,2
653,69,40
653,81,7
653,85,4
653,89,31
653,91,3
653,95,2
653,96,20
653,98,8
653,101,62
653,111,10
653,115,7
653,118,11
653,122,15
653,715,11
653,717,65
653,718,6
653,765,2
653,768,563
653,722,71
653,723,20
653,725,4
653,726,3
653,727,4
653,728,2
653,729,2
653,730,2
653,731,2
653,733,21
653,736,1
653,739,2
653,740,3
653,742,17
653,751,206
653,752,21
653,861,3
53,141,5
53,469,9
53,633,6
53,639,2
53,61,15
53,91,6
53,101,1
53,111,10
53,717,9
53,768,17
53,751,2
54,56,18
55,56,19
55,57,3
654,655,2
654,660,8
654,661,7
654,702,6
655,654,3
655,660,1
656,292,5
656,658,2
656,660,19
656,661,19
656,665,5
656,666,1
656,667,4
656,668,6
656,712,6
657,660,9
657,661,8
657,702,4
659,658,2
660,657,2
660,658,3
660,662,5
660,702,4
661,160,3
661,162,3
661,235,7
661,237,3
661,268,3
661,292,5
661,325,19
661,656,2
661,658,4
661,660,170
661,664,22
661,665,28
661,666,4
661,667,85
661,668,190
661,703,5
661,710,1
661,711,1
661,712,333
661,828,1
662,658,5
662,660,6
662,663,4
663,658,1
665,281,3
665,292,5
665,660,57
665,661,37
665,666,1
665,667,28
665,668,8
665,705,5
665,712,8
666,660,1
666,661,1
667,658,3
668,658,5
668,659,1
669,61,2
669,65,2
669,805,2
670,61,6
670,75,10
670,805,6
671,61,2
671,79,2
671,805,2
672,61,2
672,80,2
672,805,2
673,61,5
673,85,2
673,101,3
673,805,2
674,139,3
674,141,20
674,50,6
674,61,19
674,69,4
674,101,2
674,107,3
674,717,4
674,768,18
674,735,2
674,805,2
674,745,2
674,751,18
674,752,2
674,821,2
675,61,2
675,90,2
675,805,2
676,141,4
676,61,9
676,69,2
676,93,7
676,101,1
676,768,5
676,805,2
676,751,9
676,868,4
676,874,1
676,876,10
676,879,7
677,61,2
677,94,2
677,805,2
678,61,2
678,805,2
678,873,2
679,479,2
679,61,5
679,805,2
679,806,3
680,61,2
680,104,2
680,805,2
681,142,3
681,61,15
681,64,2
681,89,8
681,101,8
681,732,6
681,805,2
681,844,55
682,61,2
682,119,2
682,805,2
683,61,2
683,120,2
683,805,2
684,61,2
684,125,2
684,805,2
685,139,10
685,141,59
685,50,2
685,475,5
685,576,5
685,61,47
685,68,5
685,69,17
685,86,1
685,101,5
685,106,7
685,107,11
685,126,7
685,715,2
685,717,9
685,768,43
685,805,2
685,745,5
685,751,66
686,61,2
686,131,2
686,805,2
57,474,5
57,475,10
57,476,2
57,714,2
57,61,13
57,64,3
57,81,3
57,91,57
57,101,3
57,106,1
57,768,3
57,751,3
57,852,3
57,855,4
687,341,2
687,691,1
687,693,1
687,694,1
687,696,1
688,341,2
688,687,3
688,691,1
688,693,1
688,694,1
688,696,1
688,61,2
689,341,2
689,687,1
689,691,1
689,693,1
689,694,1
689,696,1
689,61,2
824,691,1
824,61,9
824,91,5
824,824,5
692,693,1
692,61,40
692,91,39
692,841,1
695,696,1
695,701,2
695,61,8
58,61,3
58,69,7
58,101,3
58,768,8
59,139,4
59,141,3
59,626,2
59,636,2
59,61,6
59,63,3
59,64,3
59,69,4
59,81,4
59,101,1
59,118,1
59,717,2
59,768,7
59,745,2
59,852,1
697,155,3
697,201,5
697,209,3
697,265,4
697,658,4
697,711,26
698,144,3
698,149,3
698,153,9
698,154,9
698,155,39
698,160,3
698,161,9
698,164,9
698,165,13
698,166,7
698,167,24
698,168,5
698,189,1
698,190,3
698,193,3
698,198,3
698,199,9
698,202,5
698,203,3
698,204,3
698,205,5
698,206,5
698,207,11
698,208,6
698,210,5
698,212,3
698,213,5
698,218,3
698,220,3
698,235,5
698,237,4
698,238,3
698,240,5
698,242,27
698,244,13
698,246,3
698,249,15
698,251,117
698,258,3
698,260,36
698,261,3
698,262,5
698,263,20
698,264,3
698,265,494
698,267,11
698,269,5
698,270,13
698,271,5
698,278,3
698,279,3
698,280,3
698,281,7
698,282,10
698,283,7
698,284,8
698,285,3
698,286,5
698,288,3
698,289,3
698,290,3
698,291,5
698,292,9
698,294,3
698,295,3
698,296,5
698,298,5
698,320,2
698,299,5
698,300,3
698,301,7
698,302,5
698,306,7
698,307,5
698,308,2
698,312,7
698,313,5
698,314,3
698,315,5
698,325,15
698,658,12
698,659,37
698,660,2
698,661,86
698,664,12
698,666,3
698,667,17
698,668,287
698,702,3
698,703,298
698,705,4
698,708,1
698,710,4
698,711,18
698,712,6
698,713,2
698,841,1
699,697,3
699,711,3
700,155,2
700,252,5
700,253,3
700,265,3
700,303,3
700,658,3
700,697,2
700,711,16
701,265,4
701,658,2
701,660,4
701,667,4
701,702,5
701,708,3
701,709,4
701,710,6
701,61,14
701,63,4
701,82,3
701,89,6
701,101,1
701,118,2
701,768,4
701,733,4
701,751,2
702,50,6
702,700,2
702,91,4
702,733,4
702,816,3
702,841,7
702,852,2
703,145,12
703,147,6
703,148,3
703,149,3
703,150,3
703,151,3
703,152,3
703,153,4
703,154,54
703,155,7
703,156,5
703,157,3
703,158,3
703,159,3
703,160,4
703,161,3
703,162,7
703,165,2
703,166,9
703,167,17
703,168,3
703,169,3
703,170,3
703,171,3
703,172,5
703,173,5
703,174,7
703,175,3
703,176,3
703,177,3
703,178,5
703,179,5
703,180,3
703,181,3
703,182,3
703,183,3
703,184,3
703,185,3
703,186,3
703,187,3
703,188,3
703,189,6
703,191,3
703,192,3
703,193,5
703,194,3
703,195,3
703,196,3
703,197,2
703,198,4
703,199,3
703,200,3
703,201,2
703,205,11
703,206,3
703,207,11
703,211,3
703,213,5
703,214,4
703,215,3
703,216,3
703,217,3
703,218,5
703,219,5
703,220,5
703,222,3
703,223,3
703,224,3
703,225,3
703,226,3
703,227,3
703,228,3
703,229,3
703,230,3
703,231,3
703,232,3
703,233,3
703,234,3
703,235,14
703,236,3
703,237,6
703,239,4
703,240,9
703,243,6
703,244,5
703,245,4
703,246,5
703,249,17
703,251,56
703,252,2
703,254,5
703,255,3
703,256,3
703,260,2
703,261,28
703,263,7
703,264,6
703,265,188
703,266,56
703,268,4
703,272,3
703,273,3
703,274,3
703,275,3
703,277,12
703,281,6
703,284,2
703,287,5
703,289,3
703,290,10
703,292,12
703,293,5
703,294,3
703,295,2
703,297,4
703,320,2
703,321,13
703,304,15
703,305,6
703,308,3
703,309,5
703,310,3
703,311,3
703,315,5
703,325,23
703,50,2
703,658,36
703,659,5
703,661,19
703,667,56
703,668,85
703,697,2
703,700,2
703,702,10
703,705,1
703,710,8
703,711,12
703,712,23
703,733,3
703,832,2
704,147,3
704,152,8
704,154,12
704,155,2
704,167,4
704,191,3
704,199,3
704,239,3
704,245,3
704,251,19
704,265,19
704,290,4
704,325,4
704,658,2
704,661,9
704,667,32
704,668,34
704,703,21
704,711,5
704,712,12
706,144,3
706,149,16
706,153,7
706,154,11
706,155,53
706,160,3
706,161,9
706,164,9
706,165,34
706,166,9
706,167,9
706,168,5
706,189,1
706,190,3
706,193,3
706,198,3
706,199,9
706,202,5
706,203,3
706,204,3
706,205,5
706,206,5
706,207,13
706,208,6
706,210,5
706,212,3
706,213,5
706,218,3
706,220,3
706,235,5
706,237,4
706,238,3
706,240,5
706,241,11
706,244,13
706,246,3
706,249,15
706,250,4
706,251,139
706,258,3
706,259,49
706,261,1
706,262,5
706,263,25
706,264,1
706,265,504
706,267,9
706,269,7
706,270,13
706,271,7
706,276,5
706,278,3
706,279,3
706,280,3
706,281,7
706,282,12
706,283,9
706,284,24
706,285,3
706,286,5
706,288,3
706,289,3
706,290,1
706,291,15
706,292,11
706,294,1
706,295,5
706,296,1
706,298,1
706,320,2
706,299,5
706,300,5
706,301,7
706,302,5
706,306,7
706,307,5
706,308,2
706,312,7
706,314,3
706,315,5
706,325,11
706,658,13
706,659,26
706,660,2
706,661,79
706,664,8
706,666,3
706,667,17
706,668,321
706,702,3
706,703,277
706,704,41
706,705,4
706,707,2
706,708,1
706,710,4
706,711,2
706,712,7
706,841,1
708,325,2
708,660,2
708,702,1
708,710,1
709,50,3
709,698,5
709,706,2
709,708,2
710,265,9
710,279,2
710,733,4
711,155,3
711,265,5
711,658,5
711,61,6
711,64,1
711,101,14
711,107,1
711,715,6
711,768,9
711,733,3
711,814,3
711,817,1
712,698,124
61,317,19
61,265,29
61,287,6
61,325,2
61,327,6
61,50,1
61,330,4
61,332,4
61,360,6
61,340,5
61,342,2
61,473,22
61,474,3
61,475,76
61,477,3
61,478,3
61,51,16
61,570,20
61,584,19
61,576,8
61,578,5
61,638,5
61,653,3
61,658,3
61,687,11
61,688,2
61,824,3
61,692,3
61,695,9
61,59,1
61,699,3
61,701,11
61,702,13
61,711,1
61,60,48
61,63,26
61,64,11
61,66,1
61,67,7
61,68,11
61,69,235
61,71,1
61,72,1
61,73,1
61,74,1
61,76,1
61,77,1
61,78,1
61,81,10
61,82,1
61,83,5
61,84,1
61,85,10
61,86,3
61,87,1
61,88,1
61,89,5
61,91,64
61,92,1
61,93,1
61,95,5
61,96,16
61,97,1
61,98,1
61,99,1
61,100,1
61,101,114
61,102,4
61,103,4
61,105,3
61,106,4
61,107,7
61,109,1
61,110,1
61,111,17
61,112,1
61,113,1
61,114,1
61,115,1
61,117,1
61,118,10
61,121,2
61,122,8
61,123,1
61,124,2
61,126,1
61,127,4
61,128,3
61,129,1
61,716,2
61,717,22
61,768,92
61,720,3
61,722,3
61,733,11
61,796,5
61,734,9
61,737,8
61,738,3
61,800,2
61,805,3
61,806,10
61,745,6
61,747,4
61,749,3
61,816,4
61,751,77
61,821,2
61,132,3
61,823,3
61,865,3
61,868,12
61,834,3
61,835,5
61,836,2
61,838,10
61,841,11
61,852,2
61,855,2
62,141,92
62,50,3
62,475,3
62,570,11
62,61,77
62,63,9
62,64,3
62,68,1
62,69,1
62,79,9
62,82,1
62,85,1
62,91,1
62,93,48
62,101,2
62,106,5
62,107,5
62,118,20
62,717,25
62,768,155
62,733,1
62,751,71
62,841,1
63,139,3
63,141,382
63,325,8
63,327,7
63,50,49
63,570,2
63,639,9
63,653,22
63,706,1
63,61,245
63,64,163
63,68,3
63,69,14
63,71,2
63,79,23
63,85,43
63,89,38
63,101,6
63,106,36
63,107,27
63,113,21
63,118,23
63,122,5
63,715,7
63,717,134
63,718,3
63,768,460
63,724,3
63,811,5
63,813,6
63,745,3
63,751,199
63,752,5
63,846,2
63,847,3
63,849,5
64,141,19
64,50,4
64,51,1
64,636,9
64,638,1
64,639,2
64,652,1
64,653,12
64,58,15
64,61,67
64,63,2
64,69,72
64,85,1
64,86,2
64,89,2
64,92,6
64,101,20
64,103,1
64,106,1
64,107,2
64,118,13
64,717,4
64,765,5
64,767,3
64,768,108
64,769,18
64,724,2
64,794,5
64,808,2
64,745,3
64,747,3
64,751,19
64,752,2
64,832,17
64,861,10
65,139,4
65,140,23
65,141,151
65,61,113
65,63,6
65,64,107
65,66,3
65,68,1
65,69,7
65,85,86
65,86,12
65,92,1
65,101,49
65,106,40
65,107,1
65,118,8
65,715,2
65,717,5
65,768,152
65,745,3
65,751,34
65,752,2
66,139,4
66,141,110
66,325,6
66,327,1
66,50,13
66,61,47
66,63,1
66,64,65
66,68,2
66,69,2
66,85,64
66,86,45
66,92,5
66,101,3
66,106,27
66,114,1
66,768,95
66,724,3
66,811,4
66,813,7
66,745,2
66,751,40
67,139,3
67,141,12
67,61,13
67,64,1
67,69,5
67,95,1
67,101,2
67,107,3
67,716,5
67,717,2
67,768,10
67,736,1
67,745,3
67,751,6
67,752,3
68,139,3
68,141,17
68,61,20
68,64,13
68,69,5
68,85,3
68,101,6
68,107,2
68,768,34
68,724,5
68,811,2
68,745,3
68,751,2
69,139,4
69,141,37
69,327,1
69,50,6
69,358,50
69,584,73
69,635,13
69,604,3
69,653,22
69,58,5
69,61,56
69,64,14
69,91,1
69,101,82
69,118,1
69,715,1
69,717,35
69,768,146
69,722,15
69,723,25
69,724,4
69,811,9
69,813,10
69,743,2
69,745,13
69,746,8
69,751,46
69,752,9
69,826,24
69,865,3
69,836,2
69,838,3
69,852,1
70,141,13
70,61,16
70,64,14
70,101,2
70,107,2
70,118,1
70,717,3
70,768,10
70,751,2
70,838,1
71,141,24
71,142,3
71,50,2
71,475,3
71,61,11
71,64,3
71,66,3
71,68,10
71,85,4
71,101,3
71,106,1
71,107,1
71,768,56
71,751,19
72,139,4
72,141,84
72,61,61
72,63,20
72,64,30
72,69,4
72,85,31
72,86,7
72,92,1
72,98,3
72,99,20
72,101,12
72,106,21
72,107,1
72,114,1
72,115,3
72,118,27
72,715,4
72,768,256
72,724,6
72,733,4
72,745,3
72,751,122
72,752,5
72,845,208
73,139,3
73,141,5
73,61,10
73,64,1
73,69,2
73,96,2
73,101,2
73,107,2
73,717,3
73,768,5
73,751,6
74,139,3
74,61,9
74,69,4
74,101,5
74,107,3
74,768,3
74,724,2
74,745,3
75,139,21
75,141,42
75,142,3
75,61,39
75,64,14
75,69,22
75,85,5
75,101,33
75,107,4
75,118,8
75,715,9
75,717,6
75,768,62
75,770,5
75,806,4
75,745,3
76,139,4
76,141,111
76,50,11
76,639,3
76,61,81
76,63,6
76,64,21
76,69,8
76,79,5
76,82,3
76,83,1
76,84,1
76,85,1
76,89,7
76,92,1
76,101,5
76,106,3
76,107,2
76,118,42
76,717,21
76,768,105
76,745,3
76,751,32
76,830,6
76,839,11
76,844,2
77,139,3
77,141,49
77,50,4
77,61,41
77,63,7
77,64,2
77,69,2
77,89,3
77,101,6
77,107,9
77,118,25
77,768,56
77,724,2
77,795,7
77,796,19
77,745,2
77,751,22
77,857,6
78,141,154
78,142,3
78,325,4
78,327,3
78,50,6
78,473,31
78,653,4
78,61,166
78,63,59
78,71,12
78,79,26
78,85,4
78,89,5
78,101,3
78,106,7
78,107,1
78,715,4
78,717,175
78,719,51
78,768,374
78,721,4
78,751,195
78,861,2
79,141,66
79,142,4
79,50,3
79,653,3
79,61,53
79,63,12
79,64,9
79,69,3
79,78,5
79,101,7
79,106,2
79,107,6
79,118,6
79,130,1
79,717,35
79,719,5
79,768,119
79,806,3
79,745,3
79,751,55
79,752,6
80,141,46
80,142,3
80,325,13
80,327,12
80,475,4
80,61,114
80,101,4
80,106,2
80,118,2
80,121,4
80,717,11
80,768,74
80,751,3
81,139,3
81,141,24
81,50,1
81,61,21
81,63,6
81,64,22
81,69,13
81,101,5
81,107,3
81,118,6
81,717,4
81,768,36
81,769,2
81,794,5
81,811,4
81,813,4
81,745,3
81,746,3
81,751,15
81,752,2
81,852,2
82,139,5
82,141,135
82,142,3
82,50,4
82,61,191
82,63,8
82,64,34
82,69,4
82,76,3
82,83,5
82,84,6
82,85,15
82,86,3
82,89,1
82,92,4
82,93,50
82,101,33
82,106,28
82,107,3
82,118,78
82,128,8
82,717,4
82,768,177
82,795,2
82,745,3
82,751,123
82,752,3
82,830,2
82,866,3
82,868,12
82,869,4
82,870,3
82,871,3
82,872,11
82,874,16
82,876,27
82,877,3
82,879,10
82,839,21
82,861,4
83,139,4
83,141,89
83,61,49
83,64,56
83,68,2
83,69,5
83,85,1
83,101,4
83,107,2
83,118,5
83,717,2
83,768,53
83,745,3
83,752,2
83,839,5
84,141,85
84,142,3
84,475,2
84,61,85
84,68,4
84,82,7
84,101,3
84,118,4
84,768,99
84,839,41
85,139,5
85,141,112
85,325,2
85,327,1
85,50,25
85,604,3
85,61,73
85,63,1
85,64,44
85,66,67
85,68,27
85,69,4
85,86,44
85,92,4
85,101,6
85,106,28
85,107,3
85,114,2
85,118,3
85,122,8
85,717,5
85,718,3
85,768,156
85,724,3
85,813,4
85,745,2
85,751,129
85,828,3
85,845,2
85,860,7
86,139,5
86,141,91
86,50,6
86,61,26
86,63,1
86,64,37
86,66,1
86,68,7
86,69,2
86,85,16
86,95,1
86,101,32
86,106,56
86,114,1
86,118,2
86,768,75
86,724,45
86,811,4
86,813,5
86,745,2
86,751,24
86,827,2
86,845,8
86,856,3
87,141,11
87,142,3
87,325,3
87,327,2
87,61,9
87,101,3
87,768,15
87,752,4
88,141,2
88,325,4
88,327,3
88,50,2
88,470,5
88,570,18
88,578,17
88,639,3
88,653,7
88,714,2
88,61,200
88,62,2
88,63,6
88,64,6
88,85,4
88,89,10
88,91,14
88,93,10
88,101,3
88,107,11
88,115,5
88,118,10
88,717,2
88,768,105
88,732,9
88,733,4
88,737,110
88,738,2
88,806,2
88,748,5
88,751,14
88,878,4
88,879,1
88,841,3
89,139,4
89,141,180
89,325,3
89,327,2
89,50,18
89,475,2
89,639,11
89,653,3
89,61,112
89,63,40
89,64,80
89,68,4
89,69,11
89,79,12
89,85,5
89,101,6
89,106,2
89,107,17
89,118,7
89,715,3
89,717,53
89,768,234
89,724,3
89,811,7
89,813,9
89,745,3
89,751,86
89,752,3
89,849,5
89,861,5
90,139,23
90,141,39
90,142,3
90,61,27
90,63,4
90,64,12
90,69,12
90,81,3
90,89,3
90,101,8
90,106,3
90,107,2
90,118,10
90,715,2
90,717,9
90,768,68
90,745,5
90,751,9
91,317,5
91,50,14
91,330,3
91,331,2
91,474,31
91,60,4
91,61,6
91,81,2
91,732,8
91,806,6
91,824,11
91,839,6
91,841,5
91,844,5
91,852,41
92,139,5
92,141,64
92,50,13
92,61,33
92,64,9
92,66,1
92,68,2
92,69,6
92,79,6
92,85,39
92,86,3
92,95,1
92,101,7
92,106,11
92,107,3
92,114,5
92,118,8
92,717,23
92,718,5
92,768,64
92,745,2
92,751,46
92,845,8
92,857,2
93,136,9
93,139,4
93,141,272
93,325,5
93,327,7
93,50,21
93,475,4
93,570,10
93,673,4
93,714,2
93,61,357
93,63,20
93,64,97
93,68,5
93,69,13
93,77,6
93,79,11
93,81,1
93,85,24
93,86,3
93,89,17
93,92,2
93,95,3
93,101,13
93,106,31
93,107,9
93,112,6
93,118,73
93,126,9
93,717,49
93,768,359
93,724,2
93,733,6
93,737,3
93,745,3
93,751,245
93,752,5
93,866,34
93,868,77
93,869,43
93,870,2
93,871,3
93,872,35
93,874,70
93,876,310
93,877,23
93,878,5
93,879,129
93,841,1
93,853,24
93,861,4
94,139,7
94,141,92
94,142,5
94,149,6
94,251,7
94,265,5
94,287,1
94,321,5
94,330,3
94,332,4
94,360,5
94,475,2
94,584,4
94,592,5
94,626,2
94,636,3
94,639,8
94,658,1
94,61,98
94,63,13
94,64,2
94,68,2
94,69,39
94,86,3
94,91,1
94,100,3
94,101,30
94,106,1
94,107,3
94,111,3
94,118,12
94,121,1
94,122,5
94,715,5
94,716,1
94,717,24
94,765,3
94,768,160
94,725,2
94,735,6
94,740,5
94,805,4
94,745,5
94,751,59
94,861,2
95,136,40
95,141,518
95,142,3
95,322,2
95,325,2
95,327,2
95,50,32
95,472,2
95,473,5
95,474,5
95,475,17
95,570,17
95,571,2
95,580,2
95,584,1
95,635,5
95,576,1
95,653,9
95,61,205
95,62,2
95,63,12
95,64,8
95,66,9
95,67,7
95,68,2
95,69,7
95,73,4
95,79,7
95,81,9
95,82,2
95,83,6
95,84,23
95,85,15
95,86,16
95,91,2
95,92,5
95,93,7
95,101,32
95,102,2
95,106,14
95,107,15
95,111,12
95,112,4
95,118,87
95,122,4
95,124,1
95,126,3
95,716,9
95,717,78
95,768,409
95,723,11
95,733,12
95,736,7
95,802,4
95,806,8
95,751,257
95,752,97
95,832,3
95,853,5
95,861,5
96,139,4
96,141,5
96,61,6
96,64,4
96,69,6
96,81,3
96,101,1
96,768,7
96,745,3
97,141,13
97,142,3
97,653,2
97,61,14
97,85,3
97,93,6
97,101,5
97,106,1
97,118,4
97,717,3
97,768,33
97,732,3
97,811,5
97,813,5
97,751,2
97,834,3
97,835,3
98,139,3
98,141,62
98,50,11
98,61,48
98,63,16
98,64,24
98,69,5
98,85,15
98,101,6
98,106,7
98,107,3
98,115,12
98,118,36
98,122,6
98,715,2
98,717,6
98,768,63
98,724,2
98,745,3
98,751,27
98,857,2
99,141,163
99,142,3
99,50,11
99,61,7
99,63,4
99,86,119
99,95,31
99,101,5
99,106,3
99,768,103
99,752,31
100,139,3
100,141,37
100,50,2
100,473,6
100,584,12
100,58,2
100,61,17
100,63,3
100,64,7
100,68,1
100,69,4
100,85,1
100,95,1
100,101,9
100,107,3
100,118,1
100,129,3
100,715,1
100,717,15
100,768,40
100,733,3
100,809,2
100,741,4
100,745,2
100,751,24
101,136,12
101,138,39
101,139,3
101,140,3
101,141,302
101,143,6
101,325,5
101,327,5
101,50,21
101,332,2
101,475,3
101,52,7
101,579,5
101,580,3
101,582,4
101,584,71
101,587,5
101,635,4
101,593,3
101,594,3
101,600,9
101,602,4
101,603,5
101,653,3
101,58,12
101,711,10
101,61,210
101,63,32
101,64,155
101,68,3
101,69,66
101,85,1
101,91,4
101,95,2
101,100,5
101,106,1
101,107,11
101,111,6
101,118,2
101,122,3
101,129,1
101,715,5
101,716,3
101,717,27
101,718,1
101,768,281
101,769,2
101,770,13
101,778,13
101,724,3
101,733,1
101,736,2
101,806,5
101,811,5
101,813,6
101,742,13
101,745,4
101,751,119
101,752,87
101,825,10
101,865,3
101,832,22
102,139,7
102,141,20
102,473,2
102,61,20
102,63,1
102,64,5
102,68,2
102,69,15
102,81,14
102,101,6
102,107,6
102,118,2
102,717,3
102,768,33
102,723,6
102,745,5
102,751,3
102,752,8
102,856,2
103,139,3
103,141,30
103,50,2
103,639,1
103,61,16
103,63,1
103,64,7
103,68,3
103,69,5
103,72,1
103,85,5
103,86,2
103,101,3
103,107,2
103,114,1
103,118,3
103,768,31
103,724,3
103,745,3
103,751,6
104,141,17
104,142,3
104,61,25
104,63,5
104,85,12
104,101,14
104,107,3
104,118,15
104,768,23
104,751,10
104,841,5
104,846,4
105,139,4
105,141,7
105,61,7
105,64,1
105,69,6
105,101,2
105,102,5
105,717,2
105,768,10
105,745,3
106,139,4
106,141,92
106,50,14
106,475,4
106,639,3
106,653,3
106,61,67
106,63,24
106,64,46
106,66,5
106,69,7
106,71,2
106,72,1
106,79,5
106,85,49
106,86,28
106,92,2
106,95,3
106,101,12
106,107,8
106,114,3
106,118,10
106,717,19
106,768,161
106,745,3
106,751,61
106,752,2
106,827,2
106,828,2
106,845,8
107,139,4
107,141,174
107,325,4
107,327,3
107,50,16
107,472,2
107,473,5
107,570,1
107,653,2
107,61,81
107,63,11
107,64,109
107,68,7
107,69,23
107,85,4
107,101,44
107,106,6
107,118,21
107,716,10
107,717,42
107,765,1
107,768,199
107,724,3
107,736,2
107,809,2
107,745,3
107,747,1
107,751,109
107,752,14
107,832,2
108,92,1
108,101,1
108,118,1
108,717,3
108,768,28
109,141,29
109,142,3
109,61,29
109,69,3
109,79,4
109,85,4
109,87,1
109,101,7
109,106,1
109,717,10
109,768,38
109,747,4
109,751,4
109,752,6
110,141,16
110,142,3
110,61,6
110,64,2
110,69,1
110,101,9
110,715,4
110,717,7
110,768,24
110,770,2
110,751,4
111,139,3
111,141,35
111,50,2
111,473,14
111,571,5
111,604,4
111,697,3
111,711,10
111,61,29
111,64,16
111,69,6
111,85,1
111,96,6
111,101,1
111,107,3
111,118,1
111,122,1
111,715,1
111,716,2
111,717,48
111,718,2
111,768,33
111,736,2
111,809,2
111,745,3
111,751,9
111,752,2
112,139,3
112,141,272
112,142,9
112,570,2
112,714,2
112,61,143
112,63,2
112,64,9
112,69,2
112,85,8
112,86,1
112,95,4
112,101,16
112,106,19
112,107,2
112,118,1
112,121,1
112,122,1
112,126,1
112,715,2
112,717,14
112,719,3
112,768,411
112,721,2
112,745,2
112,751,106
112,752,47
113,139,4
113,141,86
113,50,16
113,473,3
113,475,2
113,653,4
113,61,84
113,63,6
113,64,34
113,68,2
113,69,8
113,71,4
113,78,2
113,79,9
113,85,55
113,86,3
113,92,1
113,95,1
113,101,9
113,106,15
113,107,9
113,118,35
113,715,3
113,717,41
113,718,3
113,719,3
113,768,137
113,769,2
113,721,3
113,794,7
113,811,4
113,813,4
113,745,3
113,746,3
113,751,67
113,752,2
113,861,3
114,139,5
114,141,81
114,325,5
114,327,2
114,50,2
114,61,65
114,63,18
114,64,19
114,66,12
114,69,4
114,72,12
114,85,96
114,86,10
114,92,4
114,98,3
114,101,7
114,106,14
114,107,1
114,115,3
114,118,17
114,715,4
114,768,233
114,724,2
114,733,4
114,745,3
114,751,109
114,752,5
114,845,201
115,136,14
115,139,3
115,141,129
115,325,6
115,327,6
115,50,22
115,475,5
115,705,31
115,61,145
115,63,8
115,64,64
115,69,9
115,85,8
115,89,3
115,98,56
115,101,9
115,106,5
115,107,9
115,118,99
115,122,6
115,715,2
115,717,7
115,768,155
115,724,3
115,733,23
115,795,2
115,796,1
115,811,5
115,813,6
115,745,3
115,751,68
115,752,7
115,841,33
115,846,2
115,856,5
115,857,34
115,861,5
116,633,3
116,61,3
116,768,2
117,141,14
117,142,3
117,576,4
117,653,2
117,61,17
117,81,5
117,89,5
117,91,1
117,101,2
117,126,2
117,717,3
117,719,2
117,768,14
117,806,1
117,751,6
117,843,2
117,854,6
118,136,88
118,139,4
118,141,882
118,50,224
118,570,9
118,604,2
118,639,2
118,653,3
118,61,494
118,63,67
118,64,175
118,68,3
118,69,22
118,71,8
118,72,2
118,77,3
118,78,1
118,79,27
118,85,59
118,89,7
118,91,1
118,92,2
118,98,42
118,101,13
118,106,43
118,107,6
118,113,12
118,114,2
118,115,141
118,122,6
118,715,17
118,717,128
118,768,763
118,724,3
118,733,44
118,795,6
118,796,2
118,813,5
118,745,3
118,751,545
118,752,3
118,828,3
118,841,6
118,845,5
118,846,2
118,856,8
118,880,2
118,857,227
118,861,3
119,136,4
119,139,3
119,141,148
119,570,3
119,606,2
119,653,1
119,61,73
119,63,4
119,64,72
119,69,6
119,79,10
119,85,4
119,93,2
119,95,1
119,101,4
119,106,9
119,107,2
119,118,60
119,717,27
119,768,124
119,733,1
119,745,3
119,751,37
119,752,3
119,872,2
119,874,16
119,879,5
119,841,1
119,861,2
120,139,3
120,141,112
120,325,7
120,327,6
120,50,2
120,475,3
120,61,64
120,64,38
120,68,4
120,69,9
120,81,1
120,85,9
120,101,7
120,106,3
120,107,5
120,115,3
120,118,43
120,717,2
120,768,78
120,745,3
120,751,50
120,752,3
120,841,1
120,857,2
121,139,3
121,141,47
121,325,2
121,327,1
121,475,2
121,580,3
121,584,5
121,58,1
121,61,62
121,63,41
121,64,56
121,69,27
121,79,5
121,85,3
121,101,20
121,106,6
121,107,6
121,113,3
121,118,7
121,122,8
121,715,3
121,716,1
121,717,25
121,768,84
121,724,4
121,736,4
121,811,7
121,813,8
121,745,4
121,751,20
121,752,5
121,832,2
122,139,3
122,141,66
122,325,2
122,327,1
122,50,17
122,653,4
122,61,47
122,63,8
122,64,15
122,69,4
122,85,8
122,101,6
122,107,3
122,118,30
122,717,2
122,719,2
122,768,49
122,724,3
122,796,1
122,813,5
122,745,2
122,751,43
122,857,4
123,139,4
123,141,7
123,714,2
123,61,18
123,64,10
123,69,14
123,81,10
123,85,1
123,101,4
123,106,1
123,715,3
123,717,2
123,768,16
123,769,2
123,794,7
123,811,4
123,813,4
123,745,3
123,746,3
123,752,2
124,139,4
124,141,10
124,61,13
124,64,5
124,69,7
124,81,3
124,85,3
124,101,1
124,717,3
124,768,12
124,745,3
124,752,2
125,139,4
125,141,35
125,570,1
125,714,2
125,61,31
125,63,6
125,64,7
125,69,7
125,82,13
125,83,1
125,85,1
125,93,5
125,95,1
125,101,1
125,118,2
125,717,8
125,768,33
125,806,1
125,745,3
125,751,15
125,752,7
125,872,3
125,874,6
126,139,3
126,141,108
126,325,2
126,327,1
126,50,2
126,475,11
126,476,3
126,568,5
126,572,7
126,574,4
126,575,14
126,576,44
126,61,95
126,63,3
126,64,40
126,68,5
126,69,8
126,81,8
126,85,4
126,86,1
126,91,1
126,93,10
126,95,1
126,101,5
126,106,1
126,107,3
126,118,2
126,122,1
126,124,1
126,127,8
126,717,15
126,768,122
126,735,2
126,745,2
126,746,2
126,751,25
126,752,2
126,867,6
127,139,3
127,141,18
127,61,10
127,63,1
127,64,7
127,69,4
127,101,2
127,107,2
127,126,11
127,717,6
127,768,11
127,745,2
127,865,3
128,139,4
128,141,123
128,327,1
128,50,2
128,61,61
128,63,1
128,64,52
128,68,5
128,69,20
128,71,5
128,85,1
128,86,6
128,89,3
128,92,11
128,101,4
128,106,11
128,107,6
128,112,1
128,118,16
128,717,8
128,765,1
128,768,80
128,722,3
128,724,2
128,745,3
128,751,18
128,752,2
128,851,6
129,139,4
129,141,25
129,50,2
129,584,2
129,58,2
129,61,12
129,64,1
129,69,3
129,100,31
129,101,8
129,717,5
129,768,10
129,745,2
129,751,13
130,139,3
130,141,8
130,61,13
130,64,1
130,69,4
130,101,5
130,107,3
130,111,2
130,717,5
130,768,6
130,724,2
130,745,3
130,751,4
130,752,2
131,136,3
131,139,57
131,141,265
131,142,3
131,475,27
131,570,4
131,653,3
131,61,152
131,64,80
131,69,59
131,81,13
131,85,3
131,95,1
131,101,86
131,106,19
131,107,8
131,118,29
131,119,4
131,128,6
131,715,6
131,717,19
131,768,235
131,733,1
131,745,12
131,751,37
131,752,10
131,822,5
131,829,5
131,834,3
131,835,3
131,863,18
715,141,16
715,149,4
715,154,2
715,156,4
715,175,2
715,265,3
715,318,4
715,61,16
715,768,8
753,322,2
753,61,9
753,717,7
753,768,23
753,751,7
754,322,2
754,61,8
754,753,1
754,717,7
754,768,17
754,751,7
755,265,9
755,322,2
755,61,12
755,63,2
755,753,1
755,717,7
755,768,17
755,751,7
756,265,7
756,322,2
756,325,2
756,327,1
756,61,15
756,63,3
756,753,1
756,717,7
756,768,19
756,751,7
757,265,7
757,61,8
757,63,5
757,753,1
757,717,7
757,768,15
757,751,7
758,265,17
758,61,13
758,63,12
758,753,2
758,717,7
758,768,17
758,751,7
759,265,13
759,61,10
759,63,7
759,753,1
759,717,7
759,768,15
759,751,7
760,265,25
760,61,15
760,63,13
760,753,2
760,717,7
760,768,18
760,751,7
761,265,19
761,61,17
761,63,10
761,753,1
761,717,7
761,768,16
761,751,7
762,265,33
762,61,16
762,63,14
762,753,2
762,717,7
762,768,20
762,751,7
763,251,12
763,265,9
763,61,9
763,63,11
763,753,1
763,717,8
763,768,17
763,751,8
764,251,12
764,265,20
764,61,16
764,63,12
764,753,2
764,717,8
764,768,23
764,751,8
716,711,2
716,101,5
716,768,5
716,733,8
716,736,8
716,752,5
717,101,2
717,111,4
717,715,1
717,716,5
717,718,46
717,768,211
717,736,1
717,751,39
718,249,6
718,260,5
718,265,2
718,266,10
718,325,2
718,327,1
718,571,2
718,711,3
718,61,12
718,63,19
718,101,2
718,715,3
718,716,38
718,717,54
718,768,233
718,744,2
718,751,63
719,717,1
719,768,3
719,751,1
765,768,8
765,769,1
766,101,1
766,768,6
766,769,11
768,61,2
768,63,2
768,69,4
768,86,2
768,89,2
768,92,4
768,118,3
768,717,3
768,765,1
768,767,1
768,769,2
768,751,10
770,715,2
770,717,2
770,768,4
771,61,2
771,774,4
771,838,1
772,473,2
772,474,2
772,475,2
772,476,2
772,638,1
772,61,6
772,717,2
772,768,8
772,773,7
773,473,2
773,474,2
773,475,2
773,476,2
773,638,1
773,61,6
773,715,5
773,717,3
773,768,8
773,770,1
774,358,115
774,475,1
774,584,1
774,653,1
774,61,23
774,69,1
774,91,3
774,95,21
774,101,1
774,715,28
774,717,1
774,768,1
774,770,21
774,772,20
774,773,90
774,775,2
774,720,2
774,723,1
774,727,4
774,728,4
774,751,1
774,826,30
774,838,7
775,473,3
775,474,2
775,475,3
775,476,3
775,638,1
775,61,2
775,715,5
775,717,2
775,768,11
775,770,1
776,715,27
776,717,2
776,768,9
776,770,26
776,775,52
776,720,7
776,727,3
776,728,3
776,751,3
720,61,5
720,770,22
720,771,3
720,774,3
720,776,3
720,727,1
720,728,1
720,852,4
721,711,3
721,63,3
721,101,4
721,715,4
721,716,10
721,717,20
721,718,4
721,719,10
721,768,25
721,751,12
721,752,2
722,717,10
722,768,70
722,723,2
722,751,16
777,61,2
777,63,5
777,768,10
777,779,2
777,789,2
777,751,5
778,584,3
778,602,2
778,69,2
778,101,1
779,473,26
779,475,2
779,584,63
779,653,11
779,61,2
779,69,23
779,85,2
779,96,3
779,101,11
779,717,36
779,768,185
779,722,64
779,778,60
779,723,2
779,724,2
779,751,50
780,768,2
780,751,2
781,85,7
781,768,8
781,779,2
781,789,2
781,751,3
782,584,3
782,768,2
782,779,3
782,723,2
783,85,7
783,768,8
783,779,2
783,789,2
783,751,3
784,85,7
784,768,8
784,779,2
784,789,2
784,751,3
785,85,7
785,768,8
785,779,2
785,789,2
785,751,3
786,85,7
786,768,8
786,779,2
786,789,2
786,751,3
787,85,7
787,768,8
787,779,2
787,789,2
787,751,3
788,85,7
788,768,8
788,779,2
788,789,2
788,751,3
789,584,4
789,768,2
789,722,2
789,779,3
789,723,2
790,85,7
790,768,8
790,779,2
790,789,2
790,751,3
791,584,2
791,61,7
791,69,6
791,101,1
791,768,17
791,722,1
791,778,8
791,779,3
791,789,2
791,751,7
791,752,2
792,473,25
792,475,2
792,584,52
792,653,12
792,61,5
792,69,23
792,85,2
792,96,3
792,101,24
792,717,36
792,768,175
792,722,13
792,778,62
792,723,2
792,751,73
793,584,3
793,768,2
793,779,3
793,723,2
725,322,3
725,325,3
725,327,2
725,473,6
725,711,7
725,61,13
725,63,3
725,101,3
725,715,5
725,716,18
725,717,16
725,718,13
725,768,36
725,727,6
725,736,8
725,751,22
725,752,5
726,322,3
726,325,3
726,327,2
726,473,7
726,711,7
726,61,13
726,63,13
726,101,4
726,715,5
726,716,23
726,717,26
726,718,9
726,768,57
726,728,7
726,736,10
726,751,23
726,752,6
727,768,4
727,751,1
728,717,1
728,768,4
728,751,1
729,711,4
729,101,2
729,715,3
729,716,5
729,717,3
729,718,2
729,768,2
729,725,3
729,727,3
729,736,3
729,751,6
729,752,2
730,711,4
730,101,2
730,715,3
730,716,5
730,717,3
730,718,2
730,768,2
730,726,3
730,728,3
730,736,3
730,751,6
730,752,2
731,101,2
731,715,2
731,716,3
731,717,6
731,718,1
731,768,2
731,727,2
731,729,2
731,733,3
731,736,1
731,751,4
731,752,1
794,769,2
794,832,4
733,697,2
733,699,3
733,711,17
733,61,5
733,768,107
733,814,3
733,815,3
733,816,5
733,817,3
733,818,3
733,819,3
733,820,3
796,61,4
796,77,14
796,101,1
796,768,4
734,768,3
734,749,4
734,751,2
735,768,2
736,571,5
736,101,5
736,717,6
736,768,6
736,752,6
737,61,4
737,768,9
738,768,4
739,148,3
739,149,13
739,249,7
739,250,8
739,263,3
739,265,4
739,322,2
739,325,2
739,327,1
739,473,7
739,711,4
739,61,11
739,63,9
739,101,4
739,715,2
739,716,20
739,717,26
739,718,3
739,768,44
739,736,8
739,751,32
739,752,3
740,249,12
740,251,14
740,260,8
740,263,2
740,265,6
740,266,2
740,313,2
740,473,11
740,711,4
740,61,4
740,101,3
740,715,6
740,753,11
740,754,3
740,755,3
740,756,3
740,757,3
740,758,3
740,759,3
740,760,3
740,761,3
740,762,3
740,763,3
740,764,3
740,716,23
740,717,24
740,718,7
740,768,30
740,736,16
740,751,28
740,752,7
797,358,7
797,473,32
797,584,35
797,653,11
797,61,2
797,69,13
797,96,3
797,101,11
797,717,21
797,768,99
797,778,48
797,723,18
797,751,30
797,826,7
798,61,2
799,61,2
799,798,2
799,805,1
800,317,3
800,61,12
800,768,3
800,824,5
800,838,2
801,61,6
801,91,2
801,805,1
801,807,7
801,839,3
802,61,2
802,768,2
803,570,4
803,61,12
803,768,2
803,805,1
803,807,5
803,838,1
804,317,4
804,61,5
804,717,2
804,768,2
804,800,1
804,805,1
804,807,5
805,61,2
806,317,5
806,50,1
806,474,2
806,475,11
806,570,1
806,638,1
806,714,2
806,60,2
806,61,62
806,63,8
806,64,1
806,82,6
806,89,5
806,91,7
806,101,1
806,118,12
806,768,8
806,732,6
806,799,2
806,801,2
806,802,6
806,803,7
806,804,2
806,805,18
806,807,40
806,838,1
806,839,11
810,122,3
810,768,7
810,811,2
811,325,2
811,327,1
811,52,3
811,584,4
811,61,22
811,63,3
811,64,9
811,66,4
811,68,2
811,69,24
811,85,12
811,86,3
811,89,6
811,101,21
811,115,3
811,118,8
811,121,3
811,122,6
811,768,42
811,769,9
811,724,24
811,732,3
811,808,6
811,809,1
811,810,5
812,61,5
812,122,5
812,768,7
812,813,2
813,475,7
813,653,2
813,61,31
813,63,2
813,64,4
813,66,2
813,69,13
813,85,2
813,86,2
813,89,3
813,101,15
813,107,3
813,115,2
813,118,4
813,121,2
813,122,13
813,768,24
813,769,3
813,794,3
813,732,5
813,811,1
813,812,6
741,473,7
741,711,5
741,61,3
741,85,1
741,100,4
741,101,3
741,715,3
741,716,14
741,717,15
741,718,3
741,768,24
741,733,1
741,736,4
741,751,17
742,138,4
742,580,3
742,583,3
742,584,6
742,589,3
742,598,2
742,711,3
742,61,2
742,101,6
742,715,2
742,768,1
742,727,1
742,728,1
742,752,2
742,852,5
743,91,2
743,722,5
743,777,3
743,781,1
743,782,3
743,783,3
743,784,3
743,785,3
743,786,3
743,787,3
743,788,3
743,789,5
743,790,3
743,791,3
743,792,3
743,793,3
744,711,3
744,61,48
744,96,51
744,101,2
744,715,1
744,716,26
744,717,27
744,718,3
744,768,151
744,751,73
745,61,4
745,69,3
745,101,1
745,768,3
746,61,7
746,69,5
746,101,2
746,811,3
746,813,3
747,101,3
747,768,14
747,862,3
748,61,3
748,768,4
748,737,5
814,711,8
814,61,3
814,768,7
814,733,18
814,817,3
815,653,2
815,711,8
815,63,5
815,768,34
815,733,19
815,817,1
815,818,17
815,819,18
815,820,15
816,653,2
816,711,11
816,63,5
816,768,62
816,733,25
817,711,7
817,768,38
817,733,20
818,653,2
818,711,8
818,63,5
818,768,28
818,733,18
818,817,4
819,653,2
819,711,8
819,63,5
819,768,33
819,733,19
819,817,1
819,818,16
819,820,17
820,653,2
820,711,8
820,63,5
820,768,27
820,733,17
820,817,1
820,818,17
750,249,3
750,61,1
750,101,2
750,716,4
750,717,7
750,718,2
750,768,5
750,733,1
750,736,1
750,740,4
750,751,6
751,472,1
751,473,4
751,571,3
751,582,1
751,658,4
751,674,4
751,697,3
751,700,6
751,711,30
751,61,25
751,63,22
751,64,2
751,69,2
751,95,11
751,101,49
751,118,20
751,126,8
751,716,45
751,717,6
751,768,37
751,723,4
751,733,25
751,736,138
751,749,1
751,816,3
751,752,13
132,61,9
132,101,7
132,107,2
132,715,9
132,717,5
132,768,21
132,770,5
823,61,4
823,805,2
825,69,3
825,101,4
827,106,2
828,327,2
828,61,15
828,66,3
828,92,4
828,106,1
828,118,3
828,768,2
867,751,1
868,93,6
868,866,16
868,870,3
868,871,4
868,872,7
868,874,30
868,875,2
868,877,2
868,879,3
868,839,4
869,51,2
869,61,19
869,866,37
869,868,75
869,870,3
869,871,1
869,872,10
869,874,20
869,875,1
869,877,6
869,879,14
869,839,3
873,141,14
873,636,2
873,639,1
873,61,10
873,64,2
873,69,7
873,101,1
873,107,3
873,717,2
873,768,13
873,745,3
873,752,2
874,872,2
874,876,6
876,61,16
876,866,8
876,868,4
876,872,3
876,877,3
876,879,24
876,853,2
879,61,2
879,866,17
879,868,1
879,870,1
879,872,4
879,874,2
879,877,4
833,61,4
833,106,1
833,118,4
833,768,21
833,722,13
833,743,5
834,61,5
834,85,2
834,93,6
834,118,5
834,768,17
834,722,5
834,743,2
835,61,3
835,118,3
835,768,12
835,722,7
835,743,4
836,839,18
839,714,2
839,61,2
839,840,1
839,852,1
840,839,2
841,61,5
841,768,2
842,474,5
842,476,2
842,57,6
842,91,23
842,852,2
843,61,4
843,719,2
843,768,7
843,854,1
845,61,7
845,66,15
845,85,87
845,86,3
845,106,2
845,768,144
845,751,58
846,714,33
846,61,110
846,63,34
846,66,23
846,85,5
846,86,11
846,95,3
846,106,14
846,107,1
846,118,18
846,768,60
849,61,4
849,63,7
849,89,7
849,768,7
849,751,3
851,859,8
853,653,2
853,57,4
853,61,49
853,63,6
853,89,5
853,91,13
853,101,3
853,768,15
853,806,1
853,751,2
853,874,6
854,61,2
854,719,2
854,768,6
855,736,6
855,751,6
856,325,6
856,327,2
856,61,14
856,63,7
856,66,11
856,85,15
856,86,6
856,92,2
856,95,2
856,101,2
856,106,5
856,118,9
856,768,27
856,724,6
856,828,14
856,861,3
857,61,6
857,64,6
857,107,1
858,474,2
858,475,3
858,576,1
858,61,15
858,64,1
858,101,2
858,111,2
858,126,1
858,715,2
858,717,6
858,719,8
858,768,17
858,721,2
858,751,3
858,854,1
860,768,2
861,475,2
861,61,10
861,68,3
861,69,11
861,101,17
861,768,52
861,809,1
881,882,1
883,882,6
884,358,17
884,826,7
862,831,11
863,61,2
863,118,5
863,768,14
886,61,6
886,85,14
886,768,4
886,751,3
893,895,2
893,896,2
901,639,2
901,61,19
901,95,2
901,768,4
901,844,5
905,901,2
905,904,38
907,906,4
908,61,2
908,957,5
888,626,1
888,631,1
888,61,3
889,631,3
889,61,6
889,64,1
909,633,3
909,61,3
909,91,5
909,116,3
909,768,2
909,734,1
909,749,1
909,751,1
912,61,2
912,798,2
969,61,4
969,85,16
969,768,1
969,751,3
914,967,2
916,967,2
921,922,3
920,967,2
923,887,1
923,897,2
923,888,1
923,889,1
923,909,1
923,972,1
923,973,1
923,975,1
923,976,1
925,638,3
925,61,2
926,768,2
926,747,2
927,61,5
927,69,3
927,107,3
927,717,2
927,768,2
928,967,2
931,930,4
934,967,2
935,967,2
936,967,2
938,61,10
938,63,4
938,64,2
938,118,4
938,806,1
938,917,2
940,63,5
940,127,5
940,717,3
940,919,5
941,61,9
941,63,11
941,717,2
941,768,2
942,582,1
942,633,7
942,61,3
942,116,6
942,824,2
943,91,54
944,61,3
944,768,6
944,751,4
945,475,3
945,633,3
945,59,4
945,61,3
945,768,2
946,639,7
946,61,3
946,101,6
946,768,6
947,475,3
947,61,5
947,64,1
947,81,2
947,85,6
947,101,1
947,107,2
947,768,2
947,806,1
947,957,19
948,475,4
948,61,8
948,806,5
948,912,2
948,957,8
949,141,4
949,584,2
949,61,7
949,64,1
949,101,8
949,768,9
949,751,2
949,957,6
950,61,11
950,118,3
950,768,5
950,747,14
951,475,2
951,61,2
951,957,4
952,475,5
952,61,2
952,957,4
953,61,2
953,957,3
954,475,9
954,61,3
954,64,3
954,107,5
954,806,1
954,957,9
955,475,3
955,570,4
955,61,21
955,63,3
955,69,2
955,81,6
955,91,13
955,93,6
955,101,1
955,118,5
955,717,3
955,768,6
955,806,1
955,957,19
956,61,26
956,63,32
956,957,42
957,570,3
957,61,8
957,93,4
957,751,1
958,65,15
959,61,9
959,69,6
959,107,3
959,745,1
960,61,2
960,957,4
961,61,5
961,63,2
961,81,11
961,118,2
962,61,3
962,89,5
962,957,60
963,61,6
963,91,19
963,806,4
963,824,2
963,957,2
964,61,8
964,63,1
964,64,7
964,85,2
964,101,1
964,103,12
964,107,1
964,118,2
965,61,5
965,101,2
965,107,3
965,768,17
966,61,5
966,122,13
966,806,1
967,475,4
967,61,8
967,63,7
967,81,2
967,806,1
967,917,2
968,932,2
972,61,12
972,91,13
972,838,1
975,475,2
975,61,3
975,118,6
975,768,3
975,853,3
976,859,31
