3,4,2
3,33,6
3,1695,5
4,321,1
4,33,3
4,43,2
5,4,2
5,33,4
6,3,5
6,4,3
6,33,10
6,35,13
6,310,5
6,316,3
7,4,3
7,5,4
7,25,1
7,33,8
7,35,10
7,36,4
8,12,2
10,5,2
10,33,4
10,36,3
11,4,2
11,5,6
11,25,1
11,33,7
11,36,3
12,4,5
12,5,4
12,33,9
12,36,6
13,4,9
13,6,1
13,8,1
13,10,1
13,11,1
13,12,1
13,14,1
13,15,1
13,32,3
13,33,4
14,5,8
14,33,8
14,36,4
15,4,1
15,33,4
15,107,2
15,113,8
1,4,1
1,13,4
1,32,3
1,33,2
1,276,2
16,25,5
17,16,2
17,1695,4
17,310,4
17,316,3
18,24,6
18,25,2
19,20,1
19,25,1
19,27,2
19,33,2
19,35,34
19,305,3
19,306,5
19,307,4
19,308,24
19,309,5
19,311,3
19,315,4
20,16,3
20,21,1
20,25,1
21,16,2
22,20,1
22,25,1
22,26,2
23,16,2
24,25,6
26,16,3
26,25,2
27,25,5
28,25,1
29,25,1
29,31,2
30,26,2
30,31,2
31,16,3
31,25,2
32,34,1
33,34,19
35,17,3
35,18,3
35,19,3
35,24,4
35,25,4
35,28,3
35,29,3
36,16,4
36,18,3
36,19,5
36,20,7
36,21,13
36,22,5
36,23,3
36,24,7
36,25,10
36,28,5
36,29,3
36,30,5
37,277,5
1881,1695,3
1881,310,3
1882,1695,3
1882,310,3
40,41,14
40,1695,16
40,43,1
40,44,8
40,45,12
40,48,5
40,50,2
40,51,12
40,52,6
40,56,2
40,57,39
40,61,2
40,66,5
40,101,7
40,69,1
40,306,11
40,308,9
40,312,9
40,313,3
40,314,3
40,319,1
40,320,8
40,321,7
40,322,2
40,323,5
40,324,3
40,325,3
40,326,33
40,327,8
40,328,14
40,329,21
40,330,4
40,334,24
40,337,11
40,348,12
40,350,6
40,352,3
40,356,4
40,357,8
40,360,6
40,362,17
40,363,12
40,365,2
40,369,5
40,71,6
40,72,8
40,73,2
40,480,6
40,485,5
40,489,1
40,490,2
40,491,2
40,81,3
40,84,3
40,761,2
40,86,1
40,852,7
40,87,1
40,868,10
40,873,18
40,980,8
40,982,3
40,986,8
40,989,19
40,999,3
41,40,10
41,44,1
41,56,4
41,57,6
41,61,4
41,329,7
41,350,3
1695,40,32
1695,52,8
1695,101,8
1695,70,2
1695,400,2
1695,485,6
1695,489,1
1695,490,2
1695,491,2
1695,81,3
1695,84,8
1695,85,1
1695,87,1
1695,868,4
1695,871,2
1695,873,4
1695,980,8
1695,982,10
1695,986,3
1695,1003,8
44,350,2
45,40,12
45,44,1
45,305,5
45,306,6
45,308,5
45,322,2
45,325,1
45,326,1
45,328,2
45,329,16
45,348,4
45,349,9
45,350,6
45,352,3
45,357,3
45,80,11
45,982,2
45,984,1
45,986,2
46,194,7
46,352,12
46,357,4
46,967,19
46,980,5
46,990,5
47,40,16
47,44,1
47,50,1
47,57,65
47,58,1
47,306,10
47,308,8
47,312,2
47,325,1
47,326,1
47,328,3
47,329,44
47,348,5
47,349,37
47,350,41
47,353,5
47,481,5
47,482,1
47,490,2
47,491,2
47,78,1
47,79,4
47,80,25
47,81,4
47,84,7
47,849,2
47,855,2
47,799,3
47,973,2
47,982,2
47,986,2
48,40,2
48,49,11
48,57,10
48,306,8
48,356,3
48,357,2
48,358,17
48,75,1
48,482,1
48,483,5
48,490,2
48,491,2
48,81,4
48,959,6
48,963,1
48,982,2
49,40,1
49,57,3
49,69,1
50,40,1
50,305,4
50,306,5
50,307,4
50,308,6
50,309,5
50,310,3
50,311,4
50,313,3
50,314,3
50,315,4
50,316,3
50,348,6
51,40,7
51,305,4
51,306,2
51,308,4
51,348,4
51,352,4
51,357,3
51,358,10
51,75,1
51,984,1
53,40,2
53,47,7
53,52,3
53,57,6
53,306,3
53,328,3
53,350,3
54,47,4
54,57,1
54,306,2
54,328,2
55,48,4
55,49,1
55,57,2
55,306,2
57,40,42
57,44,4
57,47,48
57,48,15
57,49,1
57,50,9
57,52,14
57,53,2
57,54,2
57,55,2
57,58,13
57,60,2
57,62,4
57,101,4
57,102,5
57,68,4
57,304,13
57,305,2
57,306,5
57,307,2
57,308,17
57,309,5
57,310,2
57,311,2
57,312,1
57,313,2
57,314,2
57,315,5
57,316,2
57,321,2
57,328,7
57,348,15
57,349,17
57,350,17
57,352,6
57,357,3
57,358,4
57,362,1
57,363,5
57,364,12
57,367,1
57,74,28
57,484,7
57,490,2
57,491,2
57,80,2
57,81,3
57,84,5
57,849,2
57,855,2
57,799,14
57,959,3
57,973,2
57,989,10
58,40,5
58,47,7
58,57,9
58,328,3
58,350,8
58,80,21
58,850,2
58,851,4
58,852,1
58,986,2
59,1695,4
59,935,5
59,868,2
59,871,1
59,986,2
60,48,4
60,49,3
60,57,2
60,306,2
62,47,6
62,57,1
62,306,2
62,328,2
63,40,6
63,65,2
63,485,2
63,868,2
63,980,2
759,40,1
759,1695,12
759,63,3
759,485,2
759,868,2
65,56,2
65,57,4
65,61,2
65,63,1
65,363,2
65,799,1
89,90,30
89,105,9
89,109,20
89,113,1
89,118,23
89,128,7
89,185,3
89,194,4
89,203,9
89,205,3
89,306,6
89,308,10
89,316,23
89,317,1
89,321,8
89,325,3
89,326,10
89,328,7
89,329,23
89,334,28
89,348,8
89,352,3
89,357,7
89,358,19
89,765,3
89,980,5
89,989,4
90,306,57
90,316,47
91,92,3
91,328,4
92,90,1
92,91,1
92,93,3
92,94,2
92,95,2
92,306,3
92,308,4
92,316,2
92,328,2
92,329,3
92,348,1
92,359,6
92,85,2
93,91,1
94,91,2
94,92,1
94,306,2
94,329,5
95,91,2
95,92,1
95,306,2
95,328,2
96,97,3
96,357,4
97,90,1
97,96,1
97,98,3
97,99,2
97,100,2
97,306,3
97,308,4
97,316,2
97,348,1
97,357,2
97,358,3
97,359,6
97,85,2
98,96,1
99,96,2
99,97,1
99,306,2
99,358,5
100,96,2
100,97,1
100,306,2
100,357,2
66,40,11
66,44,1
66,90,2
66,306,3
66,312,3
66,328,2
66,329,11
66,333,2
66,334,8
66,348,1
66,349,5
66,350,3
101,103,4
101,104,2
102,101,5
102,103,3
102,304,2
103,304,3
104,101,5
104,103,1
104,304,5
104,348,1
104,352,1
68,348,1
105,113,1
105,117,3
105,118,18
105,194,4
105,203,2
105,306,3
105,319,2
105,320,4
105,326,3
105,334,3
105,350,3
105,358,3
105,364,3
105,367,7
105,416,2
105,85,2
106,105,60
106,109,24
106,117,1
106,118,16
106,120,1
106,128,1
106,185,3
106,203,16
106,205,3
106,306,3
106,320,2
106,326,3
106,329,3
106,348,2
106,349,2
106,358,3
106,360,2
106,364,3
106,367,6
106,85,4
107,108,4
107,113,6
107,978,5
107,984,2
108,113,1
109,105,42
109,113,1
109,117,3
109,118,24
109,120,1
109,128,1
109,185,3
109,194,4
109,203,12
109,205,2
109,306,7
109,319,2
109,320,4
109,326,3
109,329,3
109,334,3
109,348,2
109,349,2
109,350,3
109,351,2
109,353,2
109,358,3
109,360,2
109,362,2
109,364,3
109,367,7
109,416,2
109,85,2
110,105,2
111,105,2
111,110,1
111,127,3
112,113,9
113,43,2
113,89,3
113,105,17
113,110,5
113,112,4
113,114,4
113,116,2
113,118,14
113,124,1
113,140,8
113,141,5
113,145,2
113,146,1
113,151,3
113,154,3
113,157,5
113,163,23
113,166,2
113,167,1
113,169,3
113,127,3
113,182,3
113,184,1
113,185,2
113,1740,5
113,1752,3
113,189,10
113,190,1
113,251,4
113,203,3
113,204,9
113,270,3
113,271,2
113,272,4
113,273,4
113,132,2
113,136,45
113,138,2
113,306,8
113,319,2
113,416,5
113,418,2
113,511,2
113,515,3
113,528,18
113,521,1
113,524,31
113,738,23
113,751,5
113,753,2
113,85,14
113,784,7
113,842,2
113,771,10
113,772,5
113,852,11
113,871,2
113,875,3
113,956,2
113,961,21
113,963,5
113,984,8
113,985,2
113,987,11
113,998,14
113,1003,7
114,113,1
116,105,5
116,109,8
116,118,2
116,128,1
116,203,2
116,306,13
116,348,6
116,358,11
117,119,1
117,183,2
117,321,4
117,362,2
117,85,2
118,105,4
118,113,1
118,117,3
118,119,3
118,194,3
118,325,4
118,326,5
118,367,4
118,369,4
118,387,5
118,751,5
118,753,5
118,856,7
119,184,2
119,320,2
119,85,2
120,118,3
120,185,4
120,203,4
120,205,4
121,108,1
121,113,7
121,982,2
121,1003,8
122,306,4
123,105,3
123,113,1
123,117,3
123,118,24
123,120,1
123,128,1
123,185,3
123,194,4
123,205,2
123,306,7
123,319,2
123,320,4
123,326,3
123,329,3
123,334,3
123,348,2
123,349,2
123,350,3
123,351,2
123,353,2
123,358,3
123,360,2
123,362,2
123,364,3
123,367,7
123,416,2
124,105,3
124,113,1
124,115,94
124,117,3
124,118,24
124,120,1
124,128,1
124,185,3
124,194,4
124,205,2
124,306,7
124,319,2
124,320,4
124,326,3
124,329,3
124,334,3
124,348,2
124,349,2
124,350,3
124,351,2
124,353,2
124,358,3
124,360,2
124,362,2
124,364,3
124,367,7
124,416,2
139,117,5
139,118,19
139,120,2
139,125,4
139,127,20
139,128,2
139,205,3
139,317,2
139,321,3
139,323,4
139,326,4
139,329,2
139,337,4
139,348,5
139,349,3
139,350,7
139,351,7
139,358,4
139,359,7
139,360,2
139,362,4
139,364,4
139,367,6
139,368,21
139,865,3
139,867,3
139,868,7
140,105,1
140,113,8
140,114,2
140,136,4
140,317,1
140,320,6
140,321,7
140,322,2
140,325,3
140,326,13
140,333,1
140,350,4
140,358,4
140,362,4
140,364,4
140,365,3
140,85,4
140,860,3
140,868,16
140,871,3
140,980,6
140,998,6
140,999,3
125,127,8
141,105,5
141,113,15
141,118,18
141,142,1
141,157,17
141,190,8
141,203,1
141,204,18
141,205,3
141,136,6
141,310,5
141,316,7
141,319,1
141,328,7
141,329,8
141,360,5
141,476,4
141,486,1
141,489,1
141,524,6
141,961,3
141,963,3
142,85,2
143,117,13
143,144,1
143,183,3
143,476,2
143,85,2
144,85,2
145,119,10
145,146,1
145,184,5
145,320,4
145,476,2
145,489,1
145,85,2
146,85,2
147,1695,5
147,148,1
147,157,2
147,168,9
147,185,25
147,190,10
147,204,1
147,306,2
147,308,4
147,315,3
147,348,7
147,374,7
147,387,16
147,476,5
147,486,1
147,492,3
147,963,3
149,118,6
149,150,1
149,157,4
149,173,5
149,204,1
149,205,3
149,329,1
149,360,5
150,174,1
151,140,5
151,152,1
152,85,2
153,118,6
153,150,1
153,157,4
153,173,5
153,204,1
153,306,1
153,360,5
153,366,6
154,155,1
154,528,5
155,85,2
156,118,4
156,157,6
156,179,3
156,185,3
156,1740,2
156,190,2
156,201,4
156,205,5
156,306,3
156,329,2
156,852,2
156,961,2
157,105,4
157,113,2
157,118,7
157,147,10
157,149,5
157,153,2
157,156,2
157,158,2
157,159,2
157,160,2
157,168,6
157,171,2
157,173,23
157,175,2
157,177,2
157,185,2
157,1740,8
157,1752,4
157,189,2
157,198,3
157,203,5
157,204,14
157,205,15
157,209,3
157,211,3
157,306,19
157,308,1
157,316,7
157,328,1
157,329,12
157,348,7
157,352,2
157,366,13
157,769,2
157,770,1
157,771,3
157,778,2
157,852,6
157,961,6
157,987,8
157,998,3
157,1000,22
158,118,4
158,157,6
158,179,1
158,185,3
158,1740,2
158,190,2
158,205,5
158,207,6
158,306,3
158,329,2
158,852,2
158,961,2
159,118,4
159,157,6
159,179,2
159,185,3
159,1740,2
159,190,2
159,205,5
159,208,5
159,306,3
159,329,2
159,852,2
159,961,2
160,118,4
160,157,6
160,179,3
160,185,3
160,1740,2
160,190,2
160,205,5
160,210,4
160,306,3
160,329,2
160,852,2
160,961,2
161,105,2
161,143,2
161,144,1
161,133,7
161,136,2
161,326,3
161,362,3
161,852,2
161,868,3
161,984,3
161,987,8
162,105,2
162,117,2
162,161,2
162,136,6
162,868,2
162,875,2
163,85,2
164,165,1
164,520,9
164,85,2
165,85,2
166,167,1
166,521,18
166,524,6
167,85,2
168,305,5
168,307,4
168,308,13
168,309,1
168,311,1
168,315,4
168,348,4
169,170,1
169,738,5
170,85,2
171,118,7
171,141,6
171,147,19
171,157,7
171,168,1
171,172,1
171,198,24
171,306,19
171,348,2
172,148,1
173,174,1
173,205,13
173,306,9
173,328,3
173,329,30
175,173,3
175,176,1
175,211,10
176,174,1
177,147,2
177,157,1
177,178,1
177,209,2
178,148,1
126,134,22
126,135,3
126,325,11
126,328,4
126,357,4
126,363,6
127,105,44
127,113,1
127,117,3
127,118,24
127,120,1
127,128,1
127,185,3
127,194,4
127,203,12
127,205,2
127,306,7
127,319,2
127,320,4
127,326,3
127,329,3
127,334,3
127,348,2
127,349,2
127,350,3
127,351,2
127,353,2
127,358,3
127,360,2
127,362,2
127,364,3
127,367,7
127,416,2
127,85,2
128,118,3
128,185,4
128,203,4
128,765,4
129,108,1
129,113,4
129,982,2
179,113,1
179,118,18
179,120,5
179,122,2
179,128,7
179,185,30
179,1740,5
179,189,2
179,190,2
179,199,2
179,203,3
179,204,4
179,205,30
179,306,18
179,328,5
179,329,18
179,348,3
179,349,4
179,351,3
179,353,4
179,360,2
179,362,2
179,379,2
179,380,8
179,85,4
179,852,3
179,961,3
180,105,3
180,118,10
180,185,5
180,194,5
180,205,2
180,306,3
180,328,5
180,329,23
180,374,7
180,379,4
180,386,3
180,387,6
180,389,5
181,185,1
182,185,2
182,189,4
183,184,3
183,476,15
183,489,3
183,491,5
184,476,27
184,486,8
184,489,6
184,491,8
212,46,10
212,118,3
212,214,1
212,185,4
212,194,7
212,352,3
212,959,1
212,961,6
212,963,1
213,212,14
213,185,2
213,194,29
213,200,2
213,348,16
213,407,3
213,409,8
213,416,4
213,540,3
213,961,8
213,963,6
213,965,2
214,118,3
214,185,4
214,194,7
214,85,2
214,961,3
215,212,8
215,185,2
215,194,5
215,198,3
215,348,15
215,352,2
215,769,2
215,770,9
215,961,2
216,90,2
216,118,3
216,212,32
216,213,2
216,214,43
216,218,10
216,185,8
216,194,8
216,205,3
216,209,2
216,348,5
216,416,2
216,85,2
216,961,2
217,46,1
217,212,18
217,213,2
217,214,27
217,215,12
217,194,9
217,198,4
217,348,7
217,416,3
217,85,2
217,961,2
218,212,14
218,185,2
218,194,11
218,205,4
218,209,3
218,348,18
218,352,4
218,387,5
218,769,2
218,778,7
218,961,5
218,963,4
218,965,2
219,212,1
219,194,22
219,200,2
219,352,1
185,118,5
185,128,2
185,190,1
185,193,1
185,194,2
185,231,2
185,205,3
185,306,2
185,348,3
185,349,2
185,85,2
185,770,2
185,959,2
185,961,1
1740,118,2
1740,185,1
1740,190,1
1740,204,1
1740,306,3
1740,316,2
1740,366,2
1752,90,2
1752,118,4
1752,185,1
1752,1740,1
1752,190,1
1752,250,5
1752,251,2
1752,198,7
1752,204,13
1752,205,4
1752,209,6
1752,306,8
1752,310,2
1752,312,7
1752,316,3
1752,328,2
1752,329,2
1752,366,2
1752,770,2
1752,771,9
1752,778,3
1752,852,3
1752,961,3
379,105,2
379,118,6
379,128,4
379,185,22
379,190,1
379,193,1
379,194,2
379,231,2
379,203,1
379,205,3
379,306,3
379,348,4
379,349,2
379,85,2
379,770,2
379,959,2
379,961,1
189,185,2
190,476,34
190,486,8
190,489,8
190,491,10
190,492,7
191,105,3
191,118,7
191,180,4
191,214,18
191,216,3
191,185,8
191,194,22
191,197,46
191,209,13
191,306,3
191,329,7
191,348,2
191,349,2
191,350,4
191,352,3
191,85,2
191,961,5
191,963,4
191,965,2
191,1000,7
220,225,2
221,220,1
221,223,1
221,225,10
221,328,10
222,221,2
222,223,1
222,224,1
223,225,1
223,328,5
224,223,1
226,223,1
226,225,1
226,228,3
226,328,9
227,223,1
227,224,1
227,226,1
228,225,1
192,185,3
192,193,3
192,198,2
192,200,1
192,328,3
192,348,19
192,352,3
192,770,4
194,185,1
194,328,2
194,348,3
194,352,2
195,118,2
195,194,1
196,185,1
196,193,2
196,200,1
196,308,3
196,328,2
196,348,4
196,352,2
229,231,1
229,348,4
230,247,1
230,211,2
231,306,3
231,348,2
232,194,2
232,205,2
232,387,2
233,213,3
233,214,2
233,246,1
233,205,2
233,416,2
234,213,3
234,214,2
234,248,1
234,198,3
234,416,2
235,213,3
235,214,2
235,249,1
235,416,2
236,118,3
236,194,7
236,260,2
236,206,3
236,209,2
236,306,2
236,348,7
236,379,4
237,118,3
237,194,4
237,260,2
237,206,4
237,209,2
237,306,2
237,348,2
237,506,3
237,1741,9
237,508,3
238,229,1
238,306,7
238,310,3
238,316,3
239,118,3
239,194,6
239,260,2
239,206,3
239,209,2
239,306,2
239,348,6
239,379,4
240,194,2
241,240,1
1848,306,2
1848,348,2
243,118,3
243,194,2
243,260,2
243,206,2
243,209,2
243,306,2
243,348,3
244,194,4
244,241,1
245,194,7
245,241,1
245,348,1
246,214,2
246,205,2
246,416,2
247,211,2
248,214,2
248,198,2
248,416,2
249,214,2
249,416,2
250,105,5
250,118,1
250,180,6
250,181,8
250,214,4
250,191,4
250,222,2
250,224,4
250,231,3
250,232,3
250,240,3
250,246,4
250,247,4
250,248,4
250,249,4
250,260,4
250,197,3
250,198,7
250,209,7
250,211,5
250,329,4
250,381,2
250,416,2
250,961,3
250,963,2
251,250,6
251,306,2
251,380,4
252,180,1
252,247,1
252,211,2
252,329,1
253,50,2
253,118,4
253,185,2
253,194,3
253,1848,5
253,260,2
253,206,6
253,209,2
253,306,4
253,308,4
253,325,4
253,348,7
253,352,3
253,357,5
253,363,4
253,980,5
254,194,2
254,232,1
254,205,7
254,387,2
255,229,1
255,306,6
255,310,3
256,194,2
256,232,1
256,205,6
256,329,1
256,387,2
257,214,2
257,216,3
257,246,1
257,205,2
257,416,2
258,214,2
258,217,3
258,248,1
258,198,2
258,416,2
259,194,2
259,232,1
259,205,5
259,387,2
260,118,3
260,194,2
260,206,2
260,209,2
260,306,2
260,348,2
260,85,2
261,118,3
261,194,7
261,260,2
261,206,3
261,209,2
261,306,2
261,348,7
261,379,4
261,387,1
261,849,3
262,214,2
262,219,2
262,246,1
262,205,2
262,416,2
263,214,2
263,219,2
263,248,1
263,198,2
263,416,2
264,214,2
264,219,2
264,249,1
264,416,2
197,46,4
197,105,6
197,117,6
197,118,19
197,180,33
197,214,25
197,219,2
197,185,7
197,190,4
197,194,37
197,200,6
197,327,5
197,329,12
197,348,4
197,349,18
197,350,15
197,351,4
197,352,12
197,353,5
197,362,2
197,476,4
197,849,2
197,855,3
197,856,1
197,961,4
198,105,12
198,117,5
198,118,42
198,128,6
198,181,5
198,214,27
198,217,3
198,219,2
198,190,19
198,222,2
198,223,4
198,224,5
198,225,3
198,192,14
198,193,14
198,194,50
198,195,10
198,231,4
198,232,6
198,254,2
198,255,2
198,200,20
198,205,19
198,306,19
198,317,4
198,328,2
198,329,8
198,337,4
198,348,30
198,349,24
198,352,5
198,356,10
198,358,7
198,362,5
198,374,3
198,387,21
198,416,2
198,476,11
198,489,1
198,85,2
198,765,1
198,769,2
198,770,10
198,850,2
198,851,5
198,852,3
198,855,2
198,856,1
198,959,8
198,961,6
198,963,6
198,968,3
199,105,2
199,118,3
199,180,3
199,194,3
199,197,4
199,200,3
199,202,2
199,329,3
199,348,1
199,349,2
199,350,1
199,387,2
199,961,2
200,193,2
200,194,1
200,196,1
201,118,2
201,179,10
201,1740,1
201,190,1
201,199,2
201,202,2
201,204,1
201,205,1
201,306,6
201,329,3
201,852,2
201,961,3
201,963,1
202,105,2
202,118,5
202,180,6
202,185,2
202,223,6
202,193,1
202,194,16
202,197,8
202,198,6
202,200,12
202,308,5
202,328,3
202,329,7
202,348,3
202,349,3
202,855,2
202,856,1
202,961,2
203,118,7
203,120,2
203,128,2
203,185,2
203,205,1
203,306,5
203,329,3
203,348,2
203,349,2
203,351,2
203,353,2
203,360,2
203,362,2
203,85,2
204,105,5
204,113,10
204,117,11
204,118,36
204,120,6
204,128,7
204,185,10
204,1740,8
204,189,3
204,190,5
204,194,7
204,231,4
204,251,2
204,201,2
204,203,49
204,205,1
204,207,2
204,208,2
204,210,4
204,306,66
204,319,6
204,320,8
204,325,7
204,326,6
204,329,5
204,334,6
204,348,17
204,349,3
204,350,4
204,351,3
204,352,1
204,353,3
204,358,3
204,360,2
204,362,2
204,364,3
204,367,7
204,416,2
204,492,1
204,85,4
204,762,4
204,842,1
204,771,1
204,852,6
204,961,6
204,968,2
204,980,5
204,989,5
204,998,9
205,118,5
205,185,2
205,194,2
205,206,1
205,306,2
205,329,2
205,349,2
205,351,2
205,353,2
205,362,2
205,387,2
206,118,2
206,194,1
206,306,2
207,118,6
207,179,14
207,185,1
207,1740,1
207,190,1
207,198,2
207,199,2
207,202,2
207,204,2
207,205,3
207,306,3
207,312,4
207,328,1
207,329,4
207,852,2
207,961,3
207,963,1
208,118,3
208,179,12
208,1740,1
208,190,1
208,250,3
208,251,1
208,204,3
208,205,1
208,211,4
208,306,3
208,329,4
208,852,2
208,961,3
208,963,1
209,90,4
209,105,9
209,117,5
209,118,31
209,128,12
209,180,4
209,181,2
209,190,15
209,191,14
209,193,1
209,194,4
209,231,4
209,232,5
209,237,2
209,243,2
209,255,2
209,256,2
209,260,8
209,197,2
209,203,1
209,205,12
209,306,11
209,316,2
209,317,4
209,329,7
209,337,4
209,348,33
209,349,2
209,352,4
209,356,10
209,358,9
209,362,5
209,366,9
209,387,10
209,476,7
209,489,1
209,85,2
209,765,4
209,769,3
209,770,7
209,778,9
209,850,2
209,851,4
209,852,3
209,853,10
209,855,2
209,856,1
209,959,8
209,961,6
209,963,5
209,1000,6
210,90,2
210,118,16
210,179,33
210,180,6
210,185,7
210,1740,1
210,190,1
210,191,16
210,250,7
210,251,3
210,204,7
210,205,6
210,209,7
210,211,4
210,306,12
210,325,3
210,328,5
210,329,37
210,360,5
210,363,5
210,366,7
210,778,4
210,852,2
210,961,3
210,963,1
210,989,5
210,1000,21
211,105,9
211,117,4
211,118,11
211,180,26
211,213,3
211,214,30
211,219,2
211,185,6
211,190,4
211,194,22
211,240,6
211,244,2
211,327,5
211,328,1
211,329,11
211,348,3
211,349,13
211,350,7
211,351,3
211,352,1
211,353,2
211,362,2
211,416,2
211,476,4
211,85,1
211,855,2
211,856,1
211,961,4
265,185,3
265,376,2
265,271,1
376,128,2
376,185,2
376,379,5
376,269,6
376,306,4
376,348,4
376,387,6
267,265,2
267,306,2
267,310,3
268,265,2
268,306,2
268,316,3
269,306,8
269,374,6
269,387,2
270,113,4
270,114,2
270,128,2
270,185,11
270,379,3
270,189,2
270,306,6
270,316,3
270,348,5
271,185,3
271,189,2
271,306,2
272,128,2
272,185,13
272,379,2
272,189,2
272,271,8
272,348,2
272,380,6
273,185,3
273,271,1
273,274,2
273,306,2
273,310,1
273,316,3
274,128,2
274,185,2
274,379,5
274,306,5
274,310,3
274,348,3
130,134,24
130,135,4
130,325,11
130,328,3
130,357,3
130,363,5
131,113,4
131,136,2
131,935,6
131,871,2
131,875,2
132,46,6
132,105,2
132,109,9
132,113,1
132,118,26
132,120,5
132,128,8
132,203,2
132,326,2
132,346,2
132,348,5
132,349,5
132,358,3
132,367,17
132,370,6
132,85,4
132,765,3
132,780,2
132,781,4
132,854,3
132,855,3
132,856,31
132,857,3
132,984,2
132,1004,4
133,105,34
133,117,1
133,118,18
133,119,1
133,120,8
133,139,6
133,126,1
133,127,2
133,128,11
133,183,9
133,203,9
133,204,4
133,130,1
133,134,77
133,135,13
133,136,7
133,306,4
133,320,10
133,321,19
133,322,2
133,323,5
133,324,8
133,325,13
133,326,16
133,327,2
133,328,12
133,329,7
133,330,3
133,331,3
133,334,12
133,337,3
133,338,2
133,339,7
133,344,2
133,348,3
133,349,3
133,350,11
133,351,2
133,353,3
133,356,2
133,357,13
133,358,7
133,360,3
133,362,40
133,363,15
133,364,4
133,365,4
133,367,3
133,368,29
133,369,5
133,476,3
133,512,2
133,513,3
133,521,4
133,522,2
133,751,4
133,85,4
133,760,2
133,762,30
133,764,5
133,765,6
133,766,21
133,768,6
133,850,2
133,851,6
133,852,4
133,856,2
133,860,2
133,867,3
133,868,11
133,871,2
133,982,2
133,993,2
133,999,3
133,1003,4
134,118,3
134,133,4
134,326,2
134,762,2
135,134,10
135,325,5
135,328,2
135,357,2
135,363,2
136,105,8
136,117,2
136,119,1
136,162,5
136,183,1
136,184,5
136,133,12
136,137,5
136,319,1
136,320,10
136,489,1
136,751,4
136,85,3
136,852,4
136,882,7
136,883,2
136,868,5
136,869,2
136,871,2
136,875,12
136,998,7
136,999,3
137,133,13
137,136,3
137,85,2
137,87,2
138,105,1
138,109,3
138,118,2
138,128,2
138,348,3
275,1695,3
275,90,2
275,277,3
275,85,2
275,998,7
277,276,6
277,315,3
277,978,5
278,111,2
278,120,2
278,127,2
278,128,2
278,348,2
278,349,2
279,281,4
280,111,2
280,127,1
280,128,2
280,348,6
281,111,2
281,118,24
281,120,2
281,127,25
281,128,2
281,205,2
281,306,2
281,319,2
281,326,4
281,329,4
281,333,2
281,334,3
281,342,5
281,348,2
281,349,2
281,350,2
281,351,2
281,353,2
281,358,4
281,360,2
281,362,2
281,364,4
281,367,6
281,368,17
281,541,8
281,970,5
281,971,5
281,1006,7
281,1007,5
282,105,2
282,109,5
282,118,5
282,142,6
282,163,4
282,174,10
282,128,2
282,205,3
282,286,6
282,306,10
282,329,3
282,348,4
282,357,15
282,358,7
282,382,11
283,105,3
283,110,2
283,282,2
284,105,2
284,109,3
284,118,3
284,185,3
284,286,4
284,306,5
284,380,8
284,382,11
285,105,3
285,110,2
285,284,2
286,105,2
286,109,3
287,40,3
287,485,2
287,868,2
287,980,2
288,1695,1
288,287,5
288,485,2
288,1695,2
288,868,2
289,40,2
289,57,12
289,287,4
289,290,2
289,291,2
289,74,2
290,57,4
290,289,4
290,986,4
291,49,3
291,57,2
291,289,5
291,986,4
292,57,3
292,289,5
292,293,2
292,294,2
293,57,2
293,290,4
293,292,1
294,49,1
294,57,2
294,291,4
294,292,1
295,57,3
295,289,5
295,296,2
295,297,2
296,49,3
296,57,2
296,291,4
296,295,1
297,57,2
297,290,6
297,295,1
298,299,7
299,1695,3
299,730,1
299,1695,5
300,301,3
301,300,1
301,425,12
301,433,3
301,971,5
302,306,4
303,308,5
303,309,4
303,315,4
304,102,5
304,68,2
304,308,3
304,322,1
304,348,1
304,986,3
305,40,3
305,308,6
305,317,1
305,322,1
305,348,9
305,969,3
305,970,5
305,971,8
305,972,2
305,986,38
306,310,6
306,313,6
306,314,6
306,316,6
306,333,1
306,400,2
306,982,2
306,1003,2
307,40,3
307,308,5
307,317,1
307,322,1
307,348,10
307,969,3
307,970,5
307,971,2
307,986,2
307,993,3
307,1006,2
308,40,3
308,306,4
308,322,1
308,348,61
308,352,17
308,357,1
308,362,1
308,391,5
308,348,1
308,760,3
308,973,5
308,986,6
308,1002,19
309,40,5
309,308,4
309,317,1
309,322,1
309,348,11
309,969,3
309,970,5
309,971,3
309,975,4
309,986,2
310,306,5
310,322,1
311,40,3
311,308,5
311,317,1
311,322,1
311,348,8
311,969,3
311,970,5
311,971,4
311,986,39
311,993,69
312,40,5
312,306,8
313,306,3
313,312,3
313,322,1
313,325,2
314,306,3
314,312,3
314,322,1
314,325,2
315,40,3
315,308,4
315,322,1
315,348,20
315,969,3
315,970,5
315,971,4
315,986,2
315,993,3
315,1006,2
316,306,5
316,322,1
317,321,1
317,336,6
317,982,2
318,319,2
318,320,4
318,336,1
319,322,1
319,333,1
320,317,1
320,319,3
320,322,1
320,362,1
320,760,3
321,333,1
321,336,4
321,362,1
321,760,2
323,317,1
323,322,1
323,362,1
323,760,3
324,317,1
324,322,1
324,325,3
324,362,1
324,760,3
325,322,1
325,328,2
325,333,1
325,357,2
325,363,2
326,317,4
326,319,3
326,322,1
326,325,4
326,359,4
326,362,1
326,760,3
327,317,1
327,322,1
327,328,3
327,362,1
327,760,3
328,322,1
328,333,1
328,363,7
329,306,3
329,317,4
329,319,3
329,322,1
329,328,6
329,359,4
329,362,1
329,364,2
329,374,4
329,760,3
330,317,1
330,322,1
330,362,1
330,760,3
331,322,1
331,333,4
331,362,1
332,322,1
332,333,4
332,362,1
334,306,4
334,317,1
334,319,3
334,322,1
334,325,4
334,362,1
334,760,4
335,322,1
335,333,1
336,319,1
336,320,2
337,322,1
337,362,1
338,317,1
338,321,1
338,322,1
338,362,1
338,760,3
339,322,1
339,362,1
340,306,3
340,322,1
340,333,1
340,349,3
340,982,2
341,306,3
341,322,1
341,333,1
341,352,3
341,367,3
341,982,2
342,322,1
342,333,1
342,982,2
343,322,1
343,333,1
343,367,4
343,982,2
344,317,1
344,322,1
344,336,6
344,362,1
344,760,3
344,982,2
345,321,2
345,322,1
345,355,2
345,362,1
345,760,2
346,322,1
346,325,7
346,367,1
347,1006,5
348,40,4
348,90,2
348,185,4
348,194,2
348,306,9
348,317,2
348,319,6
348,328,3
348,333,3
348,347,1
348,352,4
348,357,3
348,367,6
348,959,6
348,969,3
348,970,5
348,971,10
348,993,3
348,1006,5
349,306,3
349,317,2
349,322,1
349,328,3
349,348,1
349,350,4
349,352,7
349,362,1
349,367,3
349,760,3
350,306,3
350,317,1
350,322,1
350,328,3
350,348,3
350,362,1
350,760,3
351,306,3
351,317,1
351,322,1
351,328,3
351,352,3
351,362,1
351,760,3
352,322,1
352,333,1
352,357,13
352,358,2
353,306,3
353,317,1
353,322,1
353,328,3
353,329,3
353,352,3
353,362,1
353,760,3
354,319,7
354,322,2
354,329,4
354,333,2
354,348,9
354,374,2
354,387,4
354,986,2
355,321,1
355,322,1
355,336,6
355,362,1
355,760,2
356,317,2
356,322,1
356,357,4
356,362,1
356,760,3
357,322,1
357,333,1
357,363,7
358,306,3
358,317,4
358,319,3
358,322,1
358,357,6
358,359,4
358,362,1
358,364,2
358,760,3
359,317,1
359,322,1
359,325,3
359,328,3
359,333,10
359,357,3
359,362,1
359,363,3
359,760,6
360,317,1
360,322,1
360,325,3
360,362,1
360,760,3
361,317,2
361,322,1
361,362,1
361,760,2
362,317,1
362,322,1
362,760,2
363,322,1
363,325,6
363,328,3
363,333,1
363,357,3
364,317,3
364,322,1
364,326,2
364,359,4
364,362,1
364,363,8
364,760,3
365,317,1
365,322,1
365,362,1
365,760,3
366,306,6
366,322,1
366,333,1
366,982,2
367,333,1
368,317,1
368,322,1
368,325,4
368,362,1
368,367,4
368,760,10
369,321,1
369,322,1
369,336,6
369,347,1
369,362,1
369,760,3
369,969,3
369,970,5
369,971,7
369,993,3
369,1006,7
370,322,1
370,367,1
370,979,3
71,44,5
71,46,16
71,306,7
71,348,5
71,990,5
74,57,8
371,383,33
372,373,4
372,385,19
372,387,1
373,385,9
374,385,1
374,387,1
375,373,6
375,374,20
375,377,10
375,385,38
375,386,2
375,387,5
375,391,4
375,393,8
376,306,6
376,379,5
377,374,1
377,385,1
377,387,2
378,381,1
379,306,4
379,348,1
379,374,1
379,376,2
379,384,1
379,387,4
379,390,2
379,392,2
379,394,2
379,986,2
380,306,28
380,379,2
380,381,4
380,382,15
381,306,5
381,310,3
381,316,3
382,371,4
382,380,2
382,383,17
384,306,3
384,348,3
385,387,1
386,373,6
386,374,9
386,385,4
386,387,4
387,194,7
387,306,4
387,348,3
388,373,11
388,385,10
388,387,3
388,393,16
389,348,1
389,352,1
389,357,1
389,374,1
389,387,4
389,986,2
390,306,3
390,379,1
390,384,2
391,306,4
391,348,41
391,352,1
391,367,2
391,385,1
391,387,4
391,986,4
392,306,5
392,379,1
393,374,7
393,385,14
393,387,5
393,391,1
393,396,2
393,397,2
394,306,2
394,379,1
394,384,2
395,348,2
395,396,1
395,969,3
396,348,2
396,374,1
396,377,1
396,387,4
396,986,2
397,374,1
397,377,1
397,387,2
398,1695,7
398,310,5
398,316,5
398,400,1
398,403,2
398,405,3
399,398,2
400,401,1
400,402,1
401,402,5
403,405,3
405,404,1
406,411,1
407,411,1
407,540,3
407,971,8
407,1006,5
425,426,8
425,447,86
425,428,11
425,429,19
425,430,18
425,433,91
425,434,4
425,849,3
425,971,16
425,988,6
426,971,9
447,985,2
447,988,2
428,425,14
428,447,5
428,430,21
428,433,31
428,971,8
429,425,2
429,447,9
429,428,15
430,425,11
430,447,9
430,433,21
430,971,15
430,977,9
430,988,7
431,425,11
431,433,14
431,451,2
431,421,1
431,411,10
431,419,11
431,971,7
431,976,4
431,977,9
432,425,8
432,433,6
432,971,5
433,425,1
434,425,6
434,447,4
434,430,50
434,433,6
434,971,6
434,988,3
435,408,5
435,450,5
435,421,10
435,455,3
435,457,38
435,458,7
435,459,9
435,464,3
435,415,7
435,417,4
436,446,4
437,436,8
437,438,2
437,442,9
437,446,5
438,442,3
438,446,3
439,435,6
439,436,16
439,440,2
439,446,8
439,457,4
439,458,6
440,435,1
440,446,4
440,457,3
440,458,5
441,435,3
441,444,38
441,445,5
441,457,8
441,458,12
441,417,3
442,410,5
443,436,11
443,444,2
443,446,9
443,457,3
443,458,11
444,435,4
444,457,7
444,458,8
445,408,2
445,435,136
445,441,4
445,450,2
445,421,7
445,457,95
445,458,83
445,459,6
445,409,2
445,411,3
445,415,11
445,416,2
445,417,23
445,419,5
446,408,4
446,435,61
446,437,2
446,439,2
446,443,2
446,450,2
446,421,7
446,467,10
446,456,16
446,457,38
446,458,27
446,459,4
446,463,3
446,410,2
446,411,5
446,415,9
446,416,3
446,417,18
446,419,5
446,985,2
448,450,4
448,419,2
449,447,49
449,448,15
449,451,2
449,452,8
449,453,13
449,421,2
449,460,2
449,411,7
449,419,8
449,984,2
451,419,2
452,447,2
452,448,3
452,449,5
452,411,3
452,419,4
452,976,5
453,447,13
453,448,9
453,449,9
453,411,5
453,977,18
421,451,2
421,411,6
421,419,5
455,450,1
455,457,41
455,458,1
455,459,6
455,417,13
465,466,23
465,467,4
465,468,4
465,469,43
466,411,5
467,465,13
467,466,15
467,468,65
467,456,2
467,459,5
467,411,3
467,417,5
467,976,7
467,977,13
467,985,2
467,990,5
468,466,20
468,411,3
469,466,4
469,467,4
469,468,7
456,411,2
456,417,4
457,448,13
457,450,19
457,454,4
457,417,2
457,419,11
458,457,14
458,417,7
459,421,3
459,457,31
459,460,1
459,461,6
459,462,7
459,985,2
460,457,8
460,411,3
461,457,11
461,976,6
462,421,5
462,457,12
462,460,9
462,977,10
470,411,5
471,456,2
471,459,5
471,470,18
471,472,76
471,411,3
471,417,5
471,976,7
471,977,13
471,985,2
471,990,5
472,470,152
472,471,19
472,473,14
472,411,3
473,470,4
473,472,8
463,446,1
463,456,1
463,457,2
463,459,4
463,411,2
463,417,8
464,457,58
464,458,3
464,417,9
422,408,4
422,450,3
422,421,6
422,457,28
422,459,18
422,411,2
422,416,2
422,417,14
422,419,3
423,408,59
423,425,8
423,431,3
423,435,6
423,445,9
423,446,9
423,449,5
423,450,3
423,451,2
423,421,29
423,457,28
423,459,31
423,460,3
423,422,24
423,424,4
423,409,5
423,410,6
423,416,10
423,419,2
423,985,6
409,411,1
409,417,13
410,411,2
410,417,13
707,352,7
707,411,1
708,348,5
708,411,1
708,971,8
708,1006,5
414,411,1
416,406,1
416,407,2
416,408,4
416,409,3
416,410,3
416,411,5
416,707,1
416,414,1
416,420,1
417,419,2
418,423,17
418,416,4
420,411,1
474,489,3
475,487,3
476,489,15
477,475,6
477,476,6
477,478,2
477,487,3
477,491,3
477,492,2
478,491,3
478,492,6
479,477,3
479,478,3
479,491,1
480,57,4
480,484,12
480,489,1
480,491,2
480,981,15
481,476,3
481,482,5
481,484,1
481,492,2
481,981,10
482,476,27
482,484,6
482,489,3
482,491,7
482,492,21
482,981,14
483,476,3
483,482,5
483,484,1
483,492,2
483,981,10
484,47,4
484,48,4
484,476,18
484,481,10
484,482,2
484,483,10
484,489,3
484,491,8
484,492,10
484,981,27
485,40,8
485,480,9
485,489,1
485,491,1
485,981,9
486,489,5
487,489,5
489,488,1
490,491,1
491,488,5
491,489,7
492,489,5
502,503,2
503,194,9
503,308,4
503,348,5
503,502,4
504,502,1
504,503,11
505,502,1
505,503,25
494,495,2
495,494,29
495,497,4
496,497,9
496,850,2
496,851,3
496,852,3
496,963,7
496,965,2
497,494,1
498,493,8
506,194,8
506,205,3
506,306,6
506,308,3
506,329,1
506,348,4
506,380,5
506,502,5
506,503,8
506,504,3
506,1741,1
1741,194,2
1741,306,3
1741,348,2
508,194,13
508,306,3
508,348,9
508,379,4
508,1741,1
500,493,1
501,493,1
501,498,4
501,959,6
78,79,2
80,350,11
82,50,1
82,81,1
509,319,8
509,320,4
509,321,6
509,329,5
509,336,5
509,354,4
509,513,10
509,521,2
509,868,3
509,999,2
510,328,2
510,329,8
510,379,4
510,512,2
510,513,7
510,514,15
510,521,1
510,868,3
512,319,7
512,320,7
512,321,3
512,329,5
512,354,4
512,513,13
512,521,2
512,868,3
512,999,3
513,90,4
513,306,22
513,308,3
513,312,8
513,316,3
513,317,2
513,319,21
513,320,15
513,321,15
513,324,7
513,325,6
513,326,20
513,328,12
513,329,46
513,333,5
513,334,10
513,337,4
513,344,2
513,348,16
513,349,10
513,350,14
513,354,2
513,358,6
513,359,3
513,362,3
513,363,1
513,364,11
513,365,4
513,369,3
513,379,5
513,514,34
513,520,1
513,521,30
513,523,8
513,85,2
513,860,2
513,861,3
513,866,3
513,868,33
513,870,2
513,873,2
513,980,6
513,982,2
513,989,5
513,993,2
513,998,6
513,999,3
514,328,5
514,329,12
515,335,6
515,511,1
515,512,1
515,520,9
515,522,1
515,523,2
515,524,15
515,85,4
515,882,7
515,883,2
515,884,2
515,868,5
515,871,2
515,998,4
515,999,8
516,306,9
516,328,3
516,329,11
516,364,1
516,379,4
516,510,3
516,513,10
516,514,6
516,521,2
516,868,3
516,989,1
517,310,3
517,316,3
517,317,2
517,319,5
517,320,9
517,321,10
517,325,3
517,326,9
517,329,19
517,337,4
517,348,7
517,349,7
517,350,4
517,358,5
517,362,3
517,364,4
517,365,3
517,523,4
517,85,4
517,860,3
517,861,3
517,866,3
517,868,26
517,980,5
517,998,6
517,999,3
525,528,4
525,529,6
525,85,2
526,534,1
527,536,1
528,1695,4
528,113,3
528,525,19
528,529,6
528,535,2
528,85,2
528,990,6
530,1695,1
530,525,16
530,526,9
530,528,31
530,529,2
530,532,9
530,534,18
531,1695,1
531,525,16
531,527,9
531,528,31
531,529,2
531,533,9
531,536,18
532,534,1
533,536,1
534,525,2
535,529,1
536,525,2
518,113,2
518,524,11
518,998,2
519,509,2
519,513,6
519,524,5
519,85,4
519,868,9
519,871,2
519,998,5
520,523,1
520,85,2
522,510,2
522,512,5
522,513,1
522,516,2
522,521,4
522,523,1
522,868,5
523,520,2
524,113,8
524,163,2
524,164,3
524,165,2
524,306,26
524,511,3
524,513,5
524,520,5
524,521,1
524,85,2
524,868,2
524,871,2
524,987,5
524,998,3
524,999,5
538,321,6
539,333,2
539,537,3
539,540,5
540,322,3
540,333,39
540,369,26
540,537,27
540,539,41
540,971,15
540,972,2
540,974,2
540,976,6
540,977,18
540,1006,2
541,369,11
541,540,5
541,1006,2
541,1007,2
665,305,3
665,333,2
665,537,4
665,540,6
665,668,6
666,306,16
666,537,4
666,540,6
666,678,11
667,307,3
667,333,2
667,537,4
667,540,6
667,668,6
668,308,3
668,333,2
668,537,4
668,540,6
668,708,6
669,309,3
669,333,2
669,537,4
669,540,6
669,668,6
670,310,4
670,333,2
670,537,4
670,540,6
670,666,6
671,311,3
671,333,2
671,537,4
671,540,6
671,668,6
672,537,4
672,540,6
672,666,6
673,313,4
673,333,2
673,537,4
673,540,6
673,672,6
674,314,4
674,333,2
674,537,4
674,540,6
674,672,6
675,315,3
675,333,2
675,537,4
675,540,6
675,668,6
676,316,4
676,333,2
676,537,4
676,540,6
676,666,6
677,317,19
677,537,7
677,540,6
677,678,6
678,333,17
678,537,66
678,539,2
678,540,66
678,971,21
678,974,2
679,319,19
679,333,2
679,537,4
679,540,6
679,678,11
680,319,2
680,320,53
680,333,5
680,537,14
680,540,6
680,677,6
680,678,20
681,323,33
681,333,2
681,537,19
681,540,6
681,677,6
682,324,23
682,325,2
682,333,5
682,537,4
682,540,6
682,677,6
682,678,10
683,325,19
683,333,2
683,537,4
683,540,6
683,678,11
684,319,6
684,325,2
684,326,49
684,333,5
684,537,11
684,540,6
684,677,6
684,678,25
685,327,26
685,328,2
685,333,5
685,537,7
685,540,6
685,677,6
685,678,5
686,328,29
686,333,2
686,537,4
686,540,6
686,678,21
687,306,2
687,319,6
687,328,2
687,329,90
687,333,11
687,374,2
687,537,29
687,540,6
687,677,6
687,678,30
688,330,18
688,333,2
688,537,4
688,540,6
688,677,6
688,678,5
689,331,21
689,333,8
689,537,5
689,540,6
689,678,5
689,718,6
690,332,19
690,333,7
690,537,4
690,540,6
690,678,5
690,718,6
568,537,4
568,540,6
568,678,6
691,306,2
691,319,6
691,325,2
691,333,8
691,334,40
691,537,5
691,540,6
691,677,6
691,678,20
692,333,2
692,335,24
692,537,4
692,540,6
692,678,16
693,333,2
693,337,19
693,537,4
693,540,6
693,678,5
693,718,6
694,333,2
694,338,3
694,537,4
694,540,6
694,677,6
695,333,2
695,339,18
695,537,4
695,540,6
695,718,6
696,306,2
696,333,8
696,340,23
696,349,2
696,537,4
696,540,6
696,678,16
697,306,2
697,333,11
697,341,43
697,352,2
697,367,2
697,537,4
697,540,6
697,678,36
698,333,2
698,342,19
698,537,4
698,540,6
698,678,11
699,333,5
699,343,27
699,367,2
699,537,7
699,540,6
699,678,11
700,333,2
700,344,3
700,537,4
700,540,6
700,677,6
701,333,2
701,345,4
701,537,4
701,540,6
701,711,6
702,325,2
702,333,5
702,346,24
702,537,4
702,540,6
702,678,10
702,723,6
703,539,6
703,540,2
703,665,1
703,667,1
703,668,1
703,669,1
703,670,1
703,671,1
703,673,1
703,674,1
703,675,1
703,676,1
703,679,1
703,680,1
703,681,1
703,682,1
703,683,1
703,684,1
703,685,1
703,686,1
703,687,1
703,688,1
703,689,1
703,690,1
703,691,1
703,692,1
703,693,1
703,694,1
703,695,1
703,696,1
703,697,1
703,698,1
703,699,1
703,700,1
703,701,1
703,702,1
703,704,1
703,705,1
703,706,1
703,707,1
703,710,1
703,711,1
703,713,1
703,714,1
703,715,1
703,716,1
703,717,1
703,718,1
703,719,1
703,720,1
703,721,1
703,722,1
703,724,1
703,725,1
703,726,1
704,306,2
704,328,2
704,333,17
704,349,47
704,352,4
704,367,2
704,537,4
704,540,6
704,677,6
704,678,25
705,306,2
705,328,2
705,333,11
705,348,2
705,350,32
705,537,4
705,540,6
705,677,6
705,678,15
706,306,2
706,328,2
706,333,11
706,351,33
706,352,2
706,537,4
706,540,6
706,677,6
706,678,20
707,333,5
707,352,29
707,357,2
707,537,4
707,540,6
707,678,21
708,306,6
708,319,6
708,328,2
708,333,30
708,348,139
708,352,2
708,357,2
708,367,4
708,537,14
708,540,6
708,677,6
708,678,95
710,319,2
710,333,5
710,354,23
710,537,4
710,540,6
710,678,11
711,333,2
711,355,23
711,537,4
711,540,6
711,678,11
713,333,2
713,357,29
713,537,4
713,540,6
713,678,21
714,306,2
714,319,6
714,333,8
714,357,2
714,358,31
714,537,5
714,540,6
714,677,6
714,678,15
715,333,7
715,359,19
715,537,4
715,540,6
715,677,6
715,678,5
716,325,2
716,333,5
716,360,28
716,537,4
716,540,6
716,677,6
716,678,15
717,333,2
717,361,22
717,537,4
717,540,6
717,677,6
718,333,2
718,362,17
718,537,4
718,540,6
718,677,6
719,333,2
719,363,24
719,537,4
719,540,6
719,678,16
720,333,5
720,363,2
720,364,19
720,537,4
720,540,6
720,677,6
720,678,5
721,333,2
721,365,3
721,537,4
721,540,6
721,677,6
722,306,2
722,333,5
722,366,33
722,537,4
722,540,6
722,678,26
723,537,4
723,540,6
723,678,6
724,325,2
724,333,8
724,367,2
724,368,28
724,537,4
724,540,6
724,677,6
724,678,10
725,333,2
725,369,34
725,537,4
725,540,6
725,678,16
726,333,2
726,370,28
726,537,4
726,540,6
726,678,10
726,723,6
665,305,3
665,333,2
665,537,4
665,540,6
665,668,6
666,306,16
666,537,4
666,540,6
666,678,11
667,307,3
667,333,2
667,537,4
667,540,6
667,668,6
668,308,3
668,333,2
668,537,4
668,540,6
668,708,6
669,309,3
669,333,2
669,537,4
669,540,6
669,668,6
670,310,4
670,333,2
670,537,4
670,540,6
670,666,6
671,311,3
671,333,2
671,537,4
671,540,6
671,668,6
672,537,4
672,540,6
672,666,6
673,313,4
673,333,2
673,537,4
673,540,6
673,672,6
674,314,4
674,333,2
674,537,4
674,540,6
674,672,6
675,315,3
675,333,2
675,537,4
675,540,6
675,668,6
676,316,4
676,333,2
676,537,4
676,540,6
676,666,6
677,317,19
677,537,7
677,540,6
677,678,6
678,333,17
678,537,66
678,539,2
678,540,66
678,971,21
678,974,2
679,319,19
679,333,2
679,537,4
679,540,6
679,678,11
680,319,2
680,320,66
680,333,5
680,537,20
680,540,6
680,677,6
680,678,25
681,323,33
681,333,2
681,537,19
681,540,6
681,677,6
682,324,23
682,325,2
682,333,5
682,537,4
682,540,6
682,677,6
682,678,10
683,325,19
683,333,2
683,537,4
683,540,6
683,678,11
684,319,6
684,325,2
684,326,53
684,333,5
684,537,14
684,540,6
684,677,6
684,678,25
685,327,38
685,328,2
685,333,5
685,537,16
685,540,6
685,677,6
685,678,5
686,328,29
686,333,2
686,537,4
686,540,6
686,678,21
687,306,2
687,319,6
687,328,2
687,329,90
687,333,11
687,374,2
687,537,29
687,540,6
687,677,6
687,678,30
688,330,18
688,333,2
688,537,4
688,540,6
688,677,6
688,678,5
689,331,21
689,333,8
689,537,5
689,540,6
689,678,5
689,718,6
690,332,19
690,333,7
690,537,4
690,540,6
690,678,5
690,718,6
691,306,2
691,319,6
691,325,2
691,333,8
691,334,40
691,537,5
691,540,6
691,677,6
691,678,20
692,333,2
692,335,24
692,537,4
692,540,6
692,678,16
693,333,2
693,337,19
693,537,4
693,540,6
693,678,5
693,718,6
694,333,2
694,338,3
694,537,4
694,540,6
694,677,6
695,333,2
695,339,18
695,537,4
695,540,6
695,718,6
696,306,2
696,333,8
696,340,23
696,349,2
696,537,4
696,540,6
696,678,16
697,306,2
697,333,11
697,341,43
697,352,2
697,367,2
697,537,4
697,540,6
697,678,36
698,333,2
698,342,19
698,537,4
698,540,6
698,678,11
699,333,5
699,343,27
699,367,2
699,537,7
699,540,6
699,678,11
700,333,2
700,344,3
700,537,4
700,540,6
700,677,6
701,333,2
701,345,4
701,537,4
701,540,6
701,711,6
702,325,2
702,333,5
702,346,24
702,537,4
702,540,6
702,678,10
702,723,6
703,539,6
703,540,2
703,665,1
703,667,1
703,668,1
703,669,1
703,670,1
703,671,1
703,673,1
703,674,1
703,675,1
703,676,1
703,679,1
703,680,1
703,681,1
703,682,1
703,683,1
703,684,1
703,685,1
703,686,1
703,687,1
703,688,1
703,689,1
703,690,1
703,691,1
703,692,1
703,693,1
703,694,1
703,695,1
703,696,1
703,697,1
703,698,1
703,699,1
703,700,1
703,701,1
703,702,1
703,704,1
703,705,1
703,706,1
703,707,1
703,709,1
703,710,1
703,711,1
703,713,1
703,714,1
703,715,1
703,716,1
703,717,1
703,718,1
703,719,1
703,720,1
703,721,1
703,722,1
703,724,1
703,725,1
703,726,1
704,306,2
704,328,2
704,333,17
704,349,47
704,352,4
704,367,2
704,537,4
704,540,6
704,677,6
704,678,25
705,306,2
705,328,2
705,333,11
705,348,2
705,350,32
705,537,4
705,540,6
705,677,6
705,678,15
706,306,2
706,328,2
706,333,11
706,351,33
706,352,2
706,537,4
706,540,6
706,677,6
706,678,20
707,333,5
707,352,29
707,357,2
707,537,4
707,540,6
707,678,21
708,306,6
708,319,6
708,328,2
708,333,30
708,348,143
708,352,2
708,357,2
708,367,4
708,537,17
708,540,6
708,677,6
708,678,95
709,306,2
709,328,2
709,333,8
709,353,28
709,537,4
709,540,6
709,677,6
709,678,15
710,319,2
710,333,5
710,354,23
710,537,4
710,540,6
710,678,11
711,333,2
711,355,23
711,537,4
711,540,6
711,678,11
713,333,2
713,357,29
713,537,4
713,540,6
713,678,21
714,306,2
714,319,6
714,333,8
714,357,2
714,358,35
714,537,8
714,540,6
714,677,6
714,678,15
715,333,7
715,359,19
715,537,4
715,540,6
715,677,6
715,678,5
716,325,2
716,333,5
716,360,28
716,537,4
716,540,6
716,677,6
716,678,15
717,333,2
717,361,22
717,537,4
717,540,6
717,677,6
718,333,2
718,362,17
718,537,4
718,540,6
718,677,6
719,333,2
719,363,24
719,537,4
719,540,6
719,678,16
720,333,5
720,363,2
720,364,19
720,537,4
720,540,6
720,677,6
720,678,5
721,333,2
721,365,3
721,537,4
721,540,6
721,677,6
722,306,2
722,333,5
722,366,33
722,537,4
722,540,6
722,678,26
723,537,4
723,540,6
723,678,6
724,325,2
724,333,8
724,367,2
724,368,28
724,537,4
724,540,6
724,677,6
724,678,10
725,333,2
725,369,34
725,537,4
725,540,6
725,678,16
726,333,2
726,370,28
726,537,4
726,540,6
726,678,10
726,723,6
664,304,27
664,333,2
664,537,7
664,540,6
664,668,6
664,678,10
665,305,3
665,333,2
665,537,4
665,540,6
665,668,6
666,306,16
666,537,4
666,540,6
666,678,11
667,307,3
667,333,2
667,537,4
667,540,6
667,668,6
668,308,3
668,333,2
668,537,4
668,540,6
668,708,6
669,309,3
669,333,2
669,537,4
669,540,6
669,668,6
670,310,4
670,333,2
670,537,4
670,540,6
670,666,6
671,311,3
671,333,2
671,537,4
671,540,6
671,668,6
672,537,4
672,540,6
672,666,6
673,313,4
673,333,2
673,537,4
673,540,6
673,672,6
674,314,4
674,333,2
674,537,4
674,540,6
674,672,6
675,315,3
675,333,2
675,537,4
675,540,6
675,668,6
676,316,4
676,333,2
676,537,4
676,540,6
676,666,6
677,317,19
677,537,7
677,540,6
677,678,6
678,333,17
678,537,66
678,539,2
678,540,66
678,971,21
678,974,2
679,319,19
679,333,2
679,537,4
679,540,6
679,678,11
680,319,2
680,320,76
680,333,5
680,537,20
680,540,6
680,677,6
680,678,35
681,323,33
681,333,2
681,537,19
681,540,6
681,677,6
682,324,23
682,325,2
682,333,5
682,537,4
682,540,6
682,677,6
682,678,10
683,325,19
683,333,2
683,537,4
683,540,6
683,678,11
684,319,6
684,325,2
684,326,53
684,333,5
684,537,14
684,540,6
684,677,6
684,678,25
685,327,38
685,328,2
685,333,5
685,537,16
685,540,6
685,677,6
685,678,5
686,328,29
686,333,2
686,537,4
686,540,6
686,678,21
687,306,2
687,319,6
687,328,2
687,329,90
687,333,11
687,374,2
687,537,29
687,540,6
687,677,6
687,678,30
688,330,18
688,333,2
688,537,4
688,540,6
688,677,6
688,678,5
689,331,21
689,333,8
689,537,5
689,540,6
689,678,5
689,718,6
690,332,19
690,333,7
690,537,4
690,540,6
690,678,5
690,718,6
691,306,2
691,319,6
691,325,2
691,333,8
691,334,40
691,537,5
691,540,6
691,677,6
691,678,20
692,333,2
692,335,24
692,537,4
692,540,6
692,678,16
693,333,2
693,337,19
693,537,4
693,540,6
693,678,5
693,718,6
694,333,2
694,338,3
694,537,4
694,540,6
694,677,6
695,333,2
695,339,18
695,537,4
695,540,6
695,718,6
696,306,2
696,333,8
696,340,23
696,349,2
696,537,4
696,540,6
696,678,16
697,306,2
697,333,11
697,341,43
697,352,2
697,367,2
697,537,4
697,540,6
697,678,36
698,333,2
698,342,19
698,537,4
698,540,6
698,678,11
699,333,5
699,343,27
699,367,2
699,537,7
699,540,6
699,678,11
700,333,2
700,344,3
700,537,4
700,540,6
700,677,6
701,333,2
701,345,4
701,537,4
701,540,6
701,711,6
702,325,2
702,333,5
702,346,24
702,537,4
702,540,6
702,678,10
702,723,6
703,539,6
703,540,2
703,664,1
703,665,1
703,667,1
703,668,1
703,669,1
703,670,1
703,671,1
703,673,1
703,674,1
703,675,1
703,676,1
703,679,1
703,680,1
703,681,1
703,682,1
703,683,1
703,684,1
703,685,1
703,686,1
703,687,1
703,688,1
703,689,1
703,690,1
703,691,1
703,692,1
703,693,1
703,694,1
703,695,1
703,696,1
703,697,1
703,698,1
703,699,1
703,700,1
703,701,1
703,702,1
703,704,1
703,705,1
703,706,1
703,707,1
703,709,1
703,710,1
703,711,1
703,712,1
703,713,1
703,714,1
703,715,1
703,716,1
703,717,1
703,718,1
703,719,1
703,720,1
703,721,1
703,722,1
703,724,1
703,725,1
703,726,1
704,306,2
704,328,2
704,333,17
704,349,47
704,352,4
704,367,2
704,537,4
704,540,6
704,677,6
704,678,25
705,306,2
705,328,2
705,333,11
705,348,2
705,350,32
705,537,4
705,540,6
705,677,6
705,678,15
706,306,2
706,328,2
706,333,11
706,351,33
706,352,2
706,537,4
706,540,6
706,677,6
706,678,20
707,333,5
707,352,29
707,357,2
707,537,4
707,540,6
707,678,21
708,306,6
708,319,12
708,328,2
708,333,30
708,348,160
708,352,2
708,357,2
708,367,4
708,537,18
708,540,6
708,677,6
708,678,110
709,306,2
709,328,2
709,333,11
709,352,2
709,353,38
709,537,4
709,540,6
709,677,6
709,678,25
710,319,2
710,333,5
710,354,23
710,537,4
710,540,6
710,678,11
711,333,2
711,355,23
711,537,4
711,540,6
711,678,11
712,333,5
712,356,23
712,357,2
712,537,4
712,540,6
712,677,6
712,678,5
713,333,2
713,357,29
713,537,4
713,540,6
713,678,21
714,306,2
714,319,6
714,333,8
714,357,2
714,358,39
714,537,8
714,540,6
714,677,6
714,678,15
715,333,7
715,359,19
715,537,4
715,540,6
715,677,6
715,678,5
716,325,2
716,333,5
716,360,28
716,537,4
716,540,6
716,677,6
716,678,15
717,333,2
717,361,22
717,537,4
717,540,6
717,677,6
718,333,2
718,362,17
718,537,4
718,540,6
718,677,6
719,333,2
719,363,24
719,537,4
719,540,6
719,678,16
720,333,5
720,363,2
720,364,19
720,537,4
720,540,6
720,677,6
720,678,5
721,333,2
721,365,3
721,537,4
721,540,6
721,677,6
722,306,4
722,333,8
722,366,38
722,537,4
722,540,6
722,678,31
723,537,4
723,540,6
723,678,6
724,325,2
724,333,8
724,367,2
724,368,28
724,537,4
724,540,6
724,677,6
724,678,10
725,333,2
725,369,34
725,537,4
725,540,6
725,678,16
726,333,2
726,370,28
726,537,4
726,540,6
726,678,10
726,723,6
728,40,8
728,57,1
728,733,8
728,735,6
728,1850,10
728,873,2
729,40,12
729,57,3
729,67,4
729,728,7
729,735,3
730,40,6
730,1695,6
730,727,10
730,728,13
730,729,2
730,85,2
730,984,1
731,48,6
731,49,5
732,55,7
732,731,3
733,48,4
733,55,4
733,57,43
733,60,4
733,67,4
733,731,2
733,732,2
733,734,2
733,1850,3
734,60,9
734,731,5
1850,40,3
1850,57,4
1850,67,4
1850,728,3
1850,733,8
1850,735,4
1850,986,3
737,365,1
737,85,4
737,860,3
737,868,9
737,984,2
737,998,6
738,737,7
738,85,3
738,859,4
738,868,6
738,869,2
738,871,3
738,872,3
738,875,7
738,998,6
740,105,2
740,109,8
740,118,10
740,128,3
740,185,2
740,205,2
740,306,8
740,310,5
740,316,5
740,329,7
740,348,8
740,358,8
740,742,12
740,752,1
740,753,25
741,381,3
742,306,4
743,105,3
743,110,2
743,740,2
743,742,4
744,306,6
744,380,5
744,741,24
744,742,1
744,757,3
745,105,2
745,109,5
745,118,7
745,326,6
745,753,9
745,1606,4
746,105,3
746,110,2
746,745,2
747,105,2
747,109,5
747,118,6
747,326,6
747,749,2
747,753,1
747,1605,3
747,1610,4
748,105,3
748,746,3
748,747,2
749,753,3
750,306,13
750,742,1
750,1604,14
750,1607,1
751,118,2
751,348,2
753,306,13
754,105,2
754,109,5
754,118,7
754,326,7
754,753,8
755,105,3
755,110,2
755,739,6
755,754,2
755,1604,9
756,306,4
756,380,16
756,741,3
756,742,1
756,757,3
757,741,1
1695,1695,3
759,1695,2
759,759,1
760,320,2
760,323,2
760,324,2
760,325,2
760,326,2
760,327,2
760,328,2
760,329,2
760,330,2
760,334,3
760,338,2
760,344,2
760,348,2
760,349,2
760,350,2
760,351,2
760,353,2
760,356,2
760,357,2
760,358,2
760,360,2
760,362,35
760,363,2
760,364,2
760,365,2
760,368,9
760,369,2
761,320,2
761,323,2
761,324,2
761,325,2
761,326,2
761,327,2
761,328,2
761,329,2
761,330,2
761,334,3
761,338,2
761,344,2
761,348,2
761,349,2
761,350,2
761,351,2
761,353,2
761,356,2
761,357,2
761,358,2
761,360,2
761,362,35
761,363,2
761,364,2
761,365,2
761,368,9
761,369,2
761,760,1
762,306,3
762,317,1
762,326,5
762,334,8
762,363,6
762,364,5
762,367,6
762,766,10
762,768,7
763,306,2
763,321,5
763,325,19
763,326,3
763,328,5
763,329,3
763,334,9
763,348,5
763,349,5
763,357,5
763,358,4
763,362,19
763,363,14
763,364,3
763,368,24
763,761,1
763,762,47
763,764,3
763,765,3
763,766,15
763,767,11
763,768,17
763,868,13
763,984,2
764,317,1
764,329,4
765,317,1
765,358,4
766,317,1
766,328,6
766,329,3
766,357,6
766,358,3
766,364,4
766,764,7
766,765,7
767,362,2
768,321,5
768,367,4
782,118,14
782,306,4
782,317,2
782,333,3
782,340,5
782,348,13
782,349,16
782,352,14
782,433,34
782,85,2
782,783,11
782,786,3
782,789,7
782,769,3
782,770,11
782,771,6
782,776,34
782,850,2
782,851,6
782,852,1
782,855,3
782,856,2
782,959,2
782,961,1
782,973,2
782,1001,8
783,113,5
783,114,2
783,118,7
783,306,6
783,310,5
783,316,5
783,333,8
783,340,8
783,341,9
783,342,13
783,343,15
783,348,6
783,349,1
783,425,28
783,433,16
783,467,4
783,540,3
783,85,2
783,782,27
783,785,11
783,786,12
783,787,3
783,788,3
783,828,9
783,770,3
783,771,13
783,776,2
783,777,13
783,778,2
783,779,2
783,781,2
783,847,2
783,849,5
783,850,2
783,851,4
783,852,6
783,961,6
783,963,4
783,965,2
783,971,3
783,984,9
783,985,3
783,1006,8
784,425,2
784,783,10
784,771,2
784,772,2
784,777,4
784,852,6
784,985,3
785,118,8
785,316,2
785,341,9
785,349,5
785,352,7
785,366,5
785,433,3
785,782,14
785,783,2
785,786,1
785,789,6
785,769,3
785,778,3
785,779,15
785,851,1
785,855,2
785,856,2
785,973,1
785,1000,6
786,341,3
786,343,16
786,348,3
786,349,3
786,367,19
786,370,2
786,433,11
786,782,2
786,783,7
786,785,1
786,787,32
786,780,3
786,781,2
787,341,2
787,348,5
787,349,5
787,433,5
787,782,5
787,785,1
787,788,23
788,118,2
788,306,4
788,341,6
788,348,2
788,349,2
788,433,9
788,782,4
788,783,2
788,785,2
788,971,14
788,1006,7
789,348,4
789,352,4
789,769,7
789,770,4
800,804,1
800,812,1
800,798,28
801,804,5
801,798,4
801,799,3
801,970,6
802,804,1
803,804,3
803,798,4
804,306,43
804,352,12
804,357,3
804,366,27
804,793,2
804,794,13
804,796,3
804,798,39
804,799,65
805,802,1
805,804,1
805,798,3
806,804,2
806,798,3
807,801,1
807,804,1
807,798,6
808,804,2
808,798,6
809,804,2
809,798,5
810,801,1
810,804,1
810,798,3
811,802,1
811,804,1
811,798,3
812,804,1
812,969,3
813,806,2
813,798,5
814,806,2
814,798,5
790,85,2
791,985,2
792,790,1
792,798,4
793,306,16
793,352,4
793,366,4
793,794,4
793,798,1
793,799,24
795,118,5
795,306,4
795,348,15
795,349,4
795,352,13
795,793,11
795,794,2
795,796,21
795,799,18
795,769,9
795,770,2
795,959,2
795,961,1
795,971,8
795,972,2
795,984,12
795,1006,7
796,113,5
796,114,2
796,118,7
796,306,3
796,310,2
796,316,2
796,540,3
796,85,2
796,804,3
796,790,8
796,791,6
796,792,2
796,793,14
796,795,2
796,797,2
796,798,4
796,799,28
796,845,5
796,770,3
796,771,2
796,778,3
796,781,2
796,961,2
796,978,5
796,984,3
796,1006,5
797,118,2
797,316,2
797,348,7
797,352,9
797,366,5
797,793,10
797,794,2
797,795,30
797,796,18
797,799,16
797,769,8
797,778,2
797,971,5
797,984,8
797,1006,4
799,796,4
799,984,5
815,118,14
815,306,4
815,317,2
815,340,5
815,348,24
815,349,17
815,352,11
815,85,2
815,816,10
815,819,3
815,769,3
815,770,18
815,771,6
815,855,3
815,856,2
815,959,3
815,961,1
815,963,2
815,973,4
815,1001,8
816,118,7
816,306,6
816,310,5
816,316,5
816,333,8
816,340,8
816,341,14
816,342,13
816,343,15
816,348,7
816,349,3
816,540,3
816,85,2
816,796,7
816,815,16
816,818,13
816,819,29
816,770,4
816,771,15
816,778,3
816,781,2
816,849,3
816,850,2
816,851,4
816,852,3
816,961,6
816,963,4
816,965,2
816,971,2
816,984,7
816,1006,7
817,791,6
817,793,3
817,796,14
817,798,3
817,816,2
817,771,2
817,772,2
817,852,6
818,118,8
818,316,2
818,341,9
818,348,2
818,352,10
818,366,5
818,815,16
818,816,6
818,819,1
818,769,3
818,778,16
818,855,2
818,856,2
818,973,2
818,1000,13
818,1001,1
819,341,4
819,343,16
819,348,7
819,349,7
819,367,14
819,370,2
819,815,6
819,816,7
819,818,2
819,780,3
819,781,2
820,433,6
820,411,2
820,787,10
820,788,8
820,1006,3
821,411,2
822,352,4
822,417,7
823,352,4
823,457,17
823,411,2
823,822,10
824,411,2
825,118,4
825,306,4
825,348,13
825,349,3
825,352,8
825,410,20
825,417,5
825,769,7
825,770,2
825,959,2
825,961,1
826,118,4
826,306,10
826,310,4
826,316,4
826,348,3
826,352,3
826,407,5
826,408,4
826,424,2
826,409,7
826,410,17
826,411,2
826,707,2
826,708,3
826,416,24
826,418,3
826,540,6
826,825,2
826,829,2
826,832,5
826,836,3
826,837,1
826,839,2
826,770,9
826,771,2
826,778,5
826,781,2
826,961,2
826,985,3
827,118,5
827,306,4
827,348,3
827,349,3
827,352,16
827,410,22
827,417,6
827,828,4
827,833,21
827,769,7
827,776,7
827,959,2
827,961,1
828,118,2
828,306,6
828,310,4
828,316,5
828,352,3
828,366,7
828,367,10
828,407,3
828,467,4
828,409,5
828,410,30
828,707,2
828,416,18
828,418,3
828,787,9
828,820,2
828,826,21
828,827,5
828,830,5
828,833,2
828,834,1
828,836,1
828,837,1
828,770,2
828,776,4
828,777,2
828,778,2
828,779,6
829,118,4
829,306,2
829,348,7
829,352,5
829,366,9
829,409,11
829,410,13
829,411,2
829,416,6
829,417,5
829,822,19
829,823,1
829,825,12
829,836,12
829,838,33
829,769,4
829,778,2
830,118,5
830,306,3
830,348,3
830,352,11
830,366,17
830,409,17
830,410,18
830,411,2
830,416,6
830,417,7
830,822,22
830,823,1
830,827,23
830,828,3
830,833,14
830,836,18
830,838,29
830,769,4
830,776,2
830,779,2
830,1000,1
831,317,6
831,348,5
831,349,5
831,825,2
831,832,3
831,840,23
831,770,5
832,118,5
832,348,6
832,349,6
832,367,7
832,370,3
832,825,2
832,826,3
832,831,22
832,770,8
832,774,4
832,775,4
832,778,3
832,780,3
832,781,2
833,776,5
834,411,2
834,833,12
834,776,9
835,457,10
835,411,2
836,417,4
837,457,10
837,411,2
837,836,8
838,352,2
838,410,16
838,417,12
838,822,7
839,317,3
839,411,2
839,831,6
839,840,8
839,971,14
839,1006,7
840,317,4
840,322,3
840,333,2
841,118,4
841,306,5
841,348,10
841,349,3
841,352,11
841,769,7
841,770,2
841,959,2
841,961,1
842,118,4
842,306,10
842,310,2
842,316,2
842,841,9
842,843,2
842,845,5
842,770,6
842,771,2
842,778,6
842,781,2
842,961,2
843,118,3
843,306,3
843,348,6
843,352,5
843,366,9
843,841,5
843,844,19
843,769,3
843,778,2
843,990,3
843,1000,27
844,348,6
844,352,10
844,769,7
845,118,5
845,348,11
845,349,11
845,367,7
845,370,2
845,770,9
845,774,4
845,775,4
845,778,3
845,780,3
845,781,2
769,348,2
769,352,2
770,118,4
770,306,2
770,348,3
770,349,2
770,352,2
770,85,2
770,769,2
770,959,2
770,961,1
771,118,4
771,306,2
771,310,2
771,316,2
771,85,2
771,770,1
771,778,1
771,781,1
771,961,2
772,771,1
773,817,3
773,771,1
774,118,4
774,306,2
774,348,3
774,349,2
774,352,2
774,85,2
774,769,2
774,770,14
774,959,2
775,118,5
775,306,2
775,348,3
775,349,2
775,352,3
775,366,4
775,85,2
775,769,4
775,770,11
775,778,12
775,959,2
775,961,1
776,118,2
776,352,4
776,770,1
777,310,2
777,316,2
777,367,3
777,787,3
777,771,1
777,776,1
777,779,1
778,118,2
778,352,2
778,366,4
778,769,2
778,770,1
779,118,2
779,352,2
779,366,4
779,769,2
779,776,1
779,778,1
780,348,2
780,349,2
780,370,2
781,367,4
781,85,2
781,780,1
846,850,3
846,851,1
847,852,4
848,850,3
848,851,1
852,846,2
852,848,2
852,850,1
852,851,1
854,118,5
854,346,3
854,367,2
854,781,5
854,856,8
856,367,2
856,855,10
857,132,4
857,367,2
857,370,3
857,781,8
857,856,19
799,40,26
799,325,3
799,326,2
799,331,4
799,333,2
799,339,4
799,346,3
799,367,7
799,368,42
799,370,21
799,76,6
799,855,7
799,986,4
799,989,3
858,321,5
858,333,1
858,345,6
858,355,5
858,540,4
858,868,1
858,872,8
858,873,4
858,969,3
859,868,1
860,873,1
882,335,2
882,85,2
882,884,1
883,882,2
883,978,5
883,984,2
884,335,3
885,335,6
885,85,2
885,859,5
885,882,4
885,884,1
885,872,3
885,998,6
886,882,1
886,883,1
886,885,4
886,895,3
886,868,2
886,875,2
886,982,2
886,1003,4
887,335,11
887,882,2
887,884,7
888,882,2
888,883,2
888,887,3
888,982,2
888,984,2
888,1003,2
890,335,6
890,882,2
890,884,5
890,889,1
890,986,2
890,992,2
891,882,2
891,883,2
891,890,3
891,982,2
891,984,2
891,1003,2
892,335,4
892,882,2
892,884,6
893,882,2
893,883,2
893,892,3
893,982,2
893,984,2
893,1003,6
894,320,6
894,321,16
894,362,3
894,85,3
894,763,7
894,767,5
894,847,2
894,850,2
894,851,5
894,852,1
894,859,2
894,861,2
894,866,2
894,868,11
894,871,2
894,873,13
894,984,2
894,999,2
895,894,6
895,865,3
895,867,3
895,868,5
895,871,2
895,875,2
895,982,2
895,1003,7
896,306,1
896,321,14
896,329,2
896,333,1
896,348,3
896,362,3
896,85,1
896,763,6
896,847,2
896,850,2
896,851,5
896,852,1
896,859,2
896,860,2
896,861,2
896,866,2
896,868,9
896,871,2
896,873,6
896,984,2
896,998,5
896,999,4
897,882,2
897,883,2
897,885,5
897,896,4
897,865,3
897,867,3
897,868,5
897,871,2
897,875,2
897,982,2
897,1003,6
861,362,6
861,866,3
863,344,2
863,369,7
863,85,1
863,849,5
863,862,2
863,868,5
863,872,10
863,873,2
864,321,3
864,868,2
864,872,5
864,873,2
864,1006,9
898,85,2
898,860,2
898,861,2
898,866,2
898,868,16
898,872,3
898,873,6
899,898,3
899,865,3
899,867,3
899,868,5
899,871,3
899,875,2
899,982,2
899,1003,7
900,321,2
900,336,2
900,947,3
900,948,3
901,540,2
901,900,2
901,943,2
901,946,3
901,948,2
901,952,8
901,998,3
902,540,2
902,901,2
902,868,2
902,953,3
902,1006,2
865,861,1
865,866,1
865,868,5
865,872,7
905,321,2
905,903,2
905,904,2
905,907,3
905,908,7
905,939,9
905,868,1
905,879,6
905,984,3
905,998,2
905,1006,4
906,905,4
906,939,2
906,940,2
906,941,3
906,868,2
906,1006,3
907,908,6
907,909,8
908,907,5
908,909,7
909,907,9
909,908,10
910,108,2
910,113,7
910,136,3
910,868,5
910,871,2
910,875,2
910,956,11
910,980,5
910,982,2
910,984,2
910,1003,3
911,915,1
911,916,3
911,917,2
912,914,3
912,918,1
913,914,2
913,918,1
914,321,17
914,333,1
914,361,11
914,362,3
914,538,2
914,861,7
914,911,2
914,915,5
914,917,3
914,918,6
914,867,12
914,868,3
914,872,3
914,873,1
914,952,6
915,916,1
915,917,1
918,914,2
866,861,1
867,321,13
867,337,3
867,362,5
867,861,17
867,866,1
867,868,4
867,872,7
867,873,1
867,983,7
919,306,2
919,308,22
919,348,4
919,1862,6
919,922,3
919,924,48
919,925,6
920,305,9
920,306,16
920,308,8
920,315,8
920,348,1
920,919,5
920,1862,7
920,922,6
920,924,8
920,925,12
1862,306,13
1862,308,7
1862,313,3
1862,314,3
1862,317,1
1862,321,8
1862,325,5
1862,326,11
1862,328,6
1862,329,9
1862,334,7
1862,346,6
1862,348,3
1862,349,3
1862,350,4
1862,352,4
1862,357,4
1862,358,4
1862,362,7
1862,363,4
1862,364,4
1862,365,2
1862,367,5
1862,368,22
1862,919,7
1862,922,41
1862,923,9
1862,924,97
1862,925,39
1862,926,2
1862,928,20
1862,930,6
1862,872,1
1862,970,5
1862,980,5
1862,982,3
1862,989,14
923,362,2
923,1862,1
925,321,2
925,336,5
925,362,2
925,760,2
926,922,3
926,925,1
927,920,1
927,930,2
927,935,3
927,868,3
927,982,2
927,1006,2
928,306,4
928,308,4
928,329,6
928,348,1
928,349,17
928,350,3
928,352,5
928,1862,5
928,924,13
928,925,3
928,930,2
929,920,1
929,930,2
929,940,3
929,868,4
929,982,2
929,1006,2
930,321,4
930,919,3
930,1862,5
930,925,2
930,868,3
930,872,6
930,873,1
930,984,1
931,922,15
931,924,11
931,925,7
931,926,2
931,969,4
931,970,17
931,971,7
931,1006,2
932,931,1
932,1006,2
932,1007,2
933,362,5
934,321,2
934,326,5
934,939,8
934,879,1
934,1006,3
935,540,3
935,863,3
935,934,4
935,936,4
935,939,3
935,940,1
935,941,2
935,868,5
935,871,1
935,874,3
935,875,2
935,881,3
935,982,5
935,984,2
935,1003,2
935,1006,3
936,934,2
936,935,1
936,941,5
936,868,2
936,1006,2
939,85,2
939,937,3
939,938,3
939,868,2
939,879,4
939,880,5
939,982,2
939,998,2
939,999,2
939,1006,6
940,540,3
940,863,3
940,939,8
940,941,7
940,868,6
940,871,3
940,874,3
940,875,2
940,881,3
940,982,5
940,984,2
940,1003,2
940,1006,4
941,320,2
941,541,2
941,939,2
941,940,2
941,868,4
941,869,1
941,871,1
941,875,1
941,877,8
941,878,4
941,984,3
941,998,2
941,999,4
941,1006,3
941,1007,5
868,85,2
868,861,1
868,866,1
868,873,2
869,868,1
871,865,4
871,867,2
871,868,19
871,875,2
871,978,9
871,982,3
871,984,5
871,1003,3
871,1006,9
871,1007,6
872,85,2
872,861,1
872,866,1
872,868,13
872,873,8
874,861,2
874,866,1
874,868,4
874,872,9
874,873,2
875,320,2
875,85,2
875,869,1
876,320,2
876,85,2
876,869,1
876,875,7
877,869,4
877,875,1
877,999,2
878,87,2
878,877,3
878,998,2
879,861,1
879,866,1
879,868,1
879,873,5
879,999,3
880,879,1
942,85,2
943,321,3
943,85,2
943,915,2
943,917,2
943,948,2
944,321,2
944,540,3
944,915,4
944,943,2
944,948,4
944,952,3
944,983,2
945,321,8
945,336,2
945,345,2
945,355,2
945,537,6
945,540,6
945,85,2
945,915,3
945,942,8
945,944,15
945,948,4
945,952,1
945,969,3
945,970,5
945,983,1
946,321,8
946,336,2
946,345,2
946,355,2
946,537,6
946,540,6
946,915,3
946,944,20
946,948,4
946,952,1
946,969,3
946,970,11
946,983,1
947,318,3
948,321,3
948,336,8
948,947,2
949,942,1
949,951,4
950,321,4
950,336,2
950,868,2
950,872,4
950,952,3
951,942,1
952,321,3
952,336,2
952,540,7
952,85,3
952,913,3
952,915,4
952,917,2
952,918,4
952,868,2
952,879,3
952,880,3
952,942,3
952,943,8
952,945,3
952,947,4
952,948,2
952,949,2
952,983,5
952,998,2
952,999,5
953,540,9
953,858,7
953,863,5
953,912,5
953,913,3
953,914,6
953,917,3
953,918,3
953,940,1
953,868,11
953,871,3
953,874,5
953,875,2
953,950,2
953,952,13
953,954,3
953,982,3
953,984,3
953,1003,2
953,1006,8
954,320,2
954,321,8
954,540,3
954,85,2
954,858,2
954,863,3
954,914,7
954,917,1
954,918,3
954,868,10
954,869,2
954,872,1
954,873,2
954,875,1
954,877,5
954,947,6
954,952,8
954,998,2
955,321,1
955,850,2
955,851,5
955,852,5
955,853,16
955,861,2
955,866,2
955,868,2
955,870,9
955,873,10
955,984,2
956,105,1
956,107,2
956,108,5
956,112,7
956,113,9
956,136,13
956,864,3
956,868,4
956,871,4
956,875,3
956,955,2
956,957,11
956,982,3
956,984,3
956,999,6
956,1003,15
957,320,2
957,865,3
957,867,3
957,868,3
957,869,5
957,875,2
957,955,10
957,956,1
881,321,4
881,369,9
881,540,6
881,868,3
881,872,10
881,873,1
881,984,2
958,964,1
959,963,27
960,771,6
960,963,5
961,416,2
961,85,2
961,771,2
961,959,7
961,960,10
961,962,10
961,963,21
962,416,6
962,963,5
963,85,2
963,958,1
963,964,10
963,965,7
965,963,1
967,966,14
968,118,6
968,128,7
968,203,1
968,306,2
968,348,10
968,358,4
968,765,4
969,971,4
970,971,3
972,971,70
975,974,2
976,971,6
977,971,3
982,306,5
985,979,1
991,990,3
993,976,3
993,977,5
997,308,4
997,348,1
997,996,2
998,85,5
998,973,2
999,85,4
999,998,5
1000,366,4
1001,118,4
1001,771,7
1001,973,2
1001,984,1
1002,306,3
1005,969,3
1005,970,5
1005,971,3
1005,975,4
1005,1006,1
1006,971,3
1007,1006,1
1008,113,4
1008,1011,3
1009,113,2
1009,1008,8
1010,108,2
1010,113,5
1011,113,4
1012,40,16
1012,1695,45
1012,47,3
1012,112,7
1012,113,8
1012,136,3
1012,515,1
1012,84,3
1012,875,1
1012,1018,1
1013,46,17
1013,194,4
1013,308,3
1013,348,2
1013,352,6
1013,357,7
1013,980,9
1014,40,5
1014,1695,11
1014,759,21
1014,112,7
1014,113,7
1014,136,3
1014,930,1
1014,875,1
1014,1018,1
1086,91,8
1086,92,7
1086,93,1
1086,1023,8
1086,1080,1
1087,96,8
1087,97,7
1087,98,1
1087,1023,8
1088,90,2
1088,91,8
1088,92,10
1088,93,1
1088,105,1
1088,113,1
1088,203,4
1088,204,7
1088,312,2
1088,313,3
1088,314,3
1088,1023,6
1015,1695,16
1015,113,26
1015,250,6
1015,251,4
1015,136,7
1015,381,1
1015,515,3
1015,521,2
1015,524,2
1015,730,9
1015,961,5
1015,963,1
1089,1695,5
1089,101,3
1090,1695,5
1090,101,1
1090,104,5
1090,304,5
1090,348,2
1090,352,3
1110,90,7
1110,306,12
1110,310,11
1110,326,20
1110,329,27
1110,348,33
1110,358,21
1110,359,16
1110,364,12
1110,1095,75
1110,1107,58
1110,1018,1
1091,306,3
1091,310,3
1091,316,3
1091,317,1
1091,326,3
1091,329,3
1091,348,5
1091,349,2
1091,358,2
1091,364,3
1091,1095,16
1091,1101,6
1091,1107,15
1091,1018,6
1092,113,11
1092,771,2
1092,1095,4
1093,113,32
1093,136,4
1093,524,5
1094,306,81
1094,310,19
1094,316,19
1094,326,47
1094,329,99
1094,334,3
1094,346,4
1094,348,86
1094,349,30
1094,358,34
1094,364,43
1094,1095,427
1094,1107,337
1094,1018,53
1095,107,1
1095,113,6
1095,236,2
1095,250,6
1095,251,4
1095,254,2
1095,204,3
1095,306,9
1095,315,4
1095,325,4
1095,326,25
1095,328,1
1095,329,17
1095,334,17
1095,346,5
1095,348,16
1095,349,11
1095,350,22
1095,352,3
1095,358,9
1095,359,5
1095,363,1
1095,364,13
1095,367,6
1095,368,26
1095,370,8
1095,771,2
1095,961,2
1095,1016,2
1095,1107,18
1095,1018,2
1096,113,4
1096,203,1
1096,306,2
1096,310,3
1096,316,3
1096,1010,4
1096,1023,3
1097,306,2
1097,310,5
1097,326,4
1097,329,3
1097,348,2
1097,349,2
1097,358,2
1097,364,4
1097,1095,18
1097,1107,20
1097,1018,2
1097,1227,5
1111,1695,4
1111,113,8
1111,1008,10
1111,1460,4
1112,1111,1
1113,1111,1
1113,1460,1
1114,1695,4
1114,113,17
1114,1070,3
1114,1072,10
1114,1454,7
1114,1562,1
1115,113,9
1115,142,19
1115,148,25
1115,163,1
1115,172,14
1115,178,4
1115,1088,1
1115,1023,24
1116,113,9
1116,148,4
1116,163,1
1116,172,4
1116,1023,13
1861,1695,4
1861,113,9
1861,163,5
1861,310,7
1861,1179,3
1099,321,7
1099,362,4
1099,540,11
1099,1006,10
1099,1094,1
1099,1095,1
1099,1107,5
1099,1018,2
1100,113,5
1100,250,4
1100,264,2
1100,306,19
1100,326,5
1100,329,7
1100,346,2
1100,348,32
1100,349,7
1100,358,5
1100,364,5
1100,961,1
1100,963,1
1100,1095,55
1100,1107,42
1100,1018,9
1117,40,4
1117,1695,4
1117,310,3
1117,84,9
1117,1118,15
1117,1562,1
1118,113,8
1118,1562,4
1119,113,7
1119,248,2
1119,249,2
1119,250,7
1119,251,2
1119,263,2
1119,264,2
1119,306,5
1119,1008,6
1119,1562,4
1120,113,4
1120,238,2
1120,250,4
1120,251,4
1120,310,3
1120,1117,1
1120,1118,1
1120,1562,1
1121,113,3
1121,310,3
1121,1008,6
1121,1117,1
1122,90,2
1122,113,4
1122,250,4
1122,251,4
1122,306,2
1122,1118,7
1123,113,4
1123,250,4
1123,251,4
1123,254,2
1123,1102,12
1123,1042,12
1124,113,4
1124,236,2
1124,250,5
1124,251,4
1124,256,2
1124,1102,6
1124,1042,3
1124,1585,4
1125,113,4
1125,250,4
1125,251,4
1125,259,2
1125,1108,10
1125,1042,5
1125,1585,6
1102,1695,4
1102,52,1
1102,306,3
1102,1042,55
1102,1585,2
1103,113,7
1103,1023,13
1104,306,13
1104,310,15
1104,316,11
1104,326,16
1104,329,20
1104,346,5
1104,348,41
1104,349,7
1104,352,7
1104,358,11
1104,364,12
1104,1092,10
1104,1095,128
1104,1107,100
1104,1018,1
1126,113,5
1126,1128,2
1127,113,6
1127,250,4
1127,251,4
1127,258,2
1127,1128,2
1128,1695,5
1128,113,8
1128,400,1
1129,221,2
1129,223,1
1129,1130,1
1130,223,13
1130,225,4
1130,226,1
1130,325,4
1130,328,10
1130,363,4
1451,1446,3
1451,1449,5
1451,1450,7
1131,107,3
1131,113,3
1131,1094,2
1131,1018,1
1132,107,3
1132,113,3
1132,1104,2
1132,1018,1
1133,107,3
1133,113,3
1133,1109,2
1133,1018,1
1134,40,4
1134,1695,5
1134,52,1
1134,107,2
1134,113,3
1134,136,3
1134,306,2
1134,310,3
1134,508,1
1134,875,1
1134,1101,8
1134,1018,1
1134,1060,7
1106,105,3
1106,113,1
1106,117,3
1106,118,28
1106,120,1
1106,128,1
1106,185,3
1106,194,4
1106,246,3
1106,205,2
1106,306,7
1106,319,2
1106,320,4
1106,326,7
1106,329,3
1106,334,3
1106,348,2
1106,349,2
1106,350,3
1106,351,2
1106,353,2
1106,358,3
1106,360,2
1106,362,2
1106,364,3
1106,367,7
1106,416,2
1107,113,2
1107,117,5
1107,321,5
1107,337,10
1107,348,11
1107,352,2
1107,362,9
1107,365,2
1107,85,3
1107,860,2
1107,868,8
1107,871,2
1107,873,6
1107,986,4
1107,999,2
1108,1102,36
1108,1042,50
1135,107,2
1135,113,5
1135,1456,4
1136,113,3
1136,310,5
1136,316,3
1136,1010,4
1136,1023,4
1136,1446,13
1137,310,3
1137,316,5
1137,1136,1
1138,1136,2
1138,1446,5
1139,113,7
1139,310,4
1139,316,3
1139,1023,6
1139,1446,6
1140,310,3
1140,1139,2
1141,310,7
1141,316,3
1141,1023,4
1141,1446,6
1142,113,4
1142,1010,4
1142,1141,1
1109,306,6
1109,310,3
1109,326,6
1109,329,5
1109,331,6
1109,348,17
1109,349,7
1109,358,5
1109,362,2
1109,364,5
1109,367,2
1109,368,4
1109,370,5
1109,1092,5
1109,1095,67
1109,1107,48
1109,1018,2
1152,107,2
1152,113,4
1152,316,3
1153,1152,21
1143,1695,6
1143,113,7
1143,1023,4
1144,1695,5
1144,310,4
1144,1023,4
1145,1695,4
1145,113,13
1146,1695,5
1146,113,9
1146,400,1
1146,1455,4
1146,1456,4
1146,1562,7
1148,1695,6
1148,52,5
1148,113,9
1150,1695,5
1150,113,8
1150,136,1
1150,310,5
1151,1695,5
1151,113,9
1151,136,1
1151,1147,13
1151,1149,14
1155,1695,1
1156,298,3
1156,306,1
1156,310,4
1157,298,3
1157,302,2
1158,298,3
1159,301,9
1161,971,5
1162,298,3
1162,1446,6
1017,1695,4
1017,105,2
1017,107,2
1017,113,7
1017,117,1
1017,136,6
1017,306,2
1017,325,4
1017,326,9
1017,329,13
1017,348,5
1017,349,10
1017,350,5
1017,359,2
1017,364,6
1017,868,1
1017,871,2
1017,875,1
1017,1107,3
1018,1016,1
1299,305,169
1299,322,1
1299,348,2
1164,306,8
1164,310,10
1164,313,8
1164,314,8
1164,316,10
1164,1018,3
1164,1170,5
1301,307,235
1301,308,1
1301,348,7
1302,305,3
1302,306,2
1302,308,313
1302,314,4
1302,316,4
1302,322,1
1302,348,24
1302,362,1
1302,540,3
1302,760,2
1302,971,3
1302,1006,2
1303,309,28
1303,348,4
1305,311,367
1305,322,1
1305,348,2
1309,315,38
1309,322,1
1309,348,7
1309,971,2
1170,321,1
1170,540,5
1170,971,2
1170,1006,6
1170,1016,1
1170,1018,2
1171,40,10
1171,1695,12
1171,113,6
1171,136,6
1171,310,3
1171,315,4
1171,348,2
1171,971,2
1172,308,4
1172,310,4
1172,317,2
1172,325,4
1172,348,14
1172,352,4
1172,357,2
1172,363,2
1172,971,3
1172,1018,2
1172,1170,5
1172,1049,1
1173,308,8
1173,310,8
1173,317,4
1173,348,20
1173,352,10
1173,1018,2
1173,1170,6
1174,107,2
1174,113,5
1175,1695,4
1175,1460,2
1884,1695,6
1884,1460,2
1177,113,46
1177,237,6
1177,239,2
1177,243,2
1177,250,7
1177,251,7
1177,254,2
1177,256,2
1177,259,2
1177,260,2
1177,261,4
1177,136,7
1177,316,23
1177,791,1
1177,796,7
1177,816,3
1177,842,2
1177,771,5
1177,941,4
1177,961,7
1177,963,5
1177,1005,2
1177,1008,6
1178,1695,9
1178,47,9
1178,310,7
1019,40,10
1019,1695,4
1020,1562,2
1021,1048,1
1179,1695,3
1022,1023,4
1023,1695,2
1023,113,9
1023,310,3
1023,316,3
1023,730,3
1024,1695,2
1024,310,55
1184,381,4
1184,1188,2
1184,1189,9
1185,306,3
1185,316,6
1185,380,6
1186,306,14
1186,310,4
1186,316,6
1186,380,30
1187,384,1
1187,1562,3
1188,380,2
1189,381,1
1190,316,3
1190,380,1
1190,1188,2
1190,1452,4
1025,1562,2
1026,1562,2
1027,1695,2
1027,107,2
1027,113,3
1027,136,3
1027,306,2
1027,310,3
1027,875,1
1027,1018,3
1027,1060,6
1028,1562,2
1029,1562,2
1030,1695,3
1030,1562,2
1031,40,47
1031,47,5
1031,52,7
1031,57,2
1031,306,39
1031,310,3
1031,1018,30
1031,1060,66
1032,1562,5
1033,1455,2
1033,1456,3
1034,1062,22
1035,1064,3
1036,1455,2
1036,1456,3
1036,1562,3
1037,1070,1
1037,1454,8
1038,1455,3
1038,1456,3
1039,40,6
1039,310,13
1039,1018,3
1039,1060,7
1040,40,14
1040,1695,3
1040,306,3
1040,1018,4
1040,1060,22
1041,1695,4
1041,107,2
1041,113,31
1041,136,6
1041,306,4
1041,310,3
1041,316,3
1041,72,1
1041,515,3
1041,521,2
1041,524,5
1041,980,5
1041,1008,6
1041,1016,2
1041,1018,1
1041,1585,20
1042,1695,2
1042,107,2
1042,113,5
1042,306,4
1042,310,3
1042,316,3
1042,1016,3
1042,1018,2
1042,1585,21
1043,40,2
1043,310,4
1043,1060,3
1044,1455,10
1044,1456,3
1045,1062,3
1046,1063,2
1046,1562,1
1047,1064,3
1048,1455,1
1048,1456,3
1049,1695,3
1049,113,7
1049,1050,2
1049,1460,1
1050,1455,1
1050,1460,3
1051,1048,2
1051,1455,1
1052,1455,10
1052,1456,3
1053,1072,44
1053,1454,10
1053,1562,7
1054,306,21
1054,1455,2
1054,1456,9
1055,1695,4
1455,1562,1
1057,1562,12
1058,1695,4
1058,310,7
1058,316,7
1059,1695,9
1060,40,2
1060,1695,2
1060,107,2
1060,113,5
1060,306,10
1060,1016,2
1060,1018,2
1061,1455,9
1061,1456,3
1062,40,2
1062,84,1
1062,1562,4
1063,1562,12
1064,1562,10
1065,1455,3
1065,1456,2
1456,1455,32
1456,1562,7
1460,1695,3
1460,1455,27
1460,1562,7
1068,1695,3
1068,1460,1
1069,1455,10
1069,1460,1
1070,1072,1
1070,1454,7
1071,306,21
1071,1455,3
1071,1456,9
1072,40,2
1072,52,5
1072,107,2
1072,113,5
1072,1454,12
1072,1562,20
1073,40,6
1073,306,12
1073,308,3
1073,1018,7
1073,1060,10
1191,306,2
1191,310,5
1191,316,5
1191,1195,4
1192,1695,7
1192,1191,3
1192,1195,7
1193,1195,4
1194,1695,12
1194,52,1
1194,84,2
1195,1695,2
1195,398,1
1196,1695,51
1196,52,3
1196,306,7
1196,310,3
1196,401,8
1196,84,6
1196,1018,2
1203,425,6
1203,432,28
1203,433,1
1204,425,6
1204,432,2
1205,425,6
1205,432,2
1206,432,12
1206,433,15
1207,449,3
1207,450,2
1207,421,2
1207,455,2
1207,457,49
1207,458,25
1207,459,18
1207,985,2
1207,1208,1
1209,467,20
1209,457,9
1209,459,8
1209,416,2
1209,985,3
1210,457,8
1210,459,6
1210,471,15
1210,472,1
1210,416,2
1208,450,1
1208,457,38
1208,458,47
1208,464,2
1208,417,1
1197,409,20
1197,416,5
1197,418,3
1198,406,1
1198,410,9
1198,411,2
1198,416,4
1198,420,1
1199,423,6
1199,418,3
1199,1198,3
1200,410,27
1200,416,8
1200,418,2
1201,424,2
1201,409,9
1201,410,15
1201,416,34
1201,418,2
1202,409,2
1202,416,5
1202,418,4
1074,40,8
1074,1695,3
1074,52,5
1074,308,2
1074,310,3
1074,316,3
1074,348,1
1074,980,6
1074,1017,5
1075,40,7
1075,1695,4
1076,40,4
1076,1695,2
1076,52,1
1076,107,2
1076,113,3
1076,136,3
1076,306,4
1076,875,1
1076,1018,8
1076,1060,13
1211,474,5
1211,1215,2
1212,475,5
1212,1214,2
1212,1215,1
1213,476,13
1213,489,1
1213,1215,3
1214,487,31
1214,1215,3
1215,489,9
1216,492,28
1216,1215,3
1217,308,2
1217,348,1
1218,308,4
1218,502,9
1218,503,6
1218,1217,3
1219,502,6
1219,503,19
1219,504,3
1219,1218,35
1220,502,4
1220,503,11
1220,505,3
1220,1218,21
1077,1695,5
1077,47,6
1077,84,8
1078,50,11
1078,305,3
1078,306,3
1078,307,3
1078,308,3
1078,309,3
1078,310,4
1078,311,3
1078,313,4
1078,314,4
1078,315,3
1078,316,6
1221,306,5
1221,326,5
1221,329,5
1221,348,3
1221,358,3
1221,364,5
1221,512,3
1221,513,2
1221,521,4
1221,1095,20
1221,1107,21
1221,1018,5
1221,1227,9
1222,113,6
1222,1228,1
1223,306,4
1223,326,3
1223,329,2
1223,348,2
1223,358,2
1223,364,3
1223,517,7
1223,1095,9
1223,1107,10
1223,1018,3
1223,1227,7
1230,1695,6
1231,1230,1
1232,1695,6
1233,1232,1
1224,1228,1
1225,1695,1
1225,113,12
1225,306,3
1225,316,5
1225,521,2
1225,524,3
1225,1008,1
1226,1695,13
1226,91,3
1226,92,6
1226,93,2
1226,107,3
1226,113,9
1226,310,3
1227,107,2
1227,112,9
1227,113,20
1227,136,21
1227,85,4
1227,842,2
1227,771,4
1227,868,7
1227,871,8
1227,875,4
1227,961,2
1227,1095,7
1227,1107,12
1228,1695,8
1228,113,15
1228,316,7
1228,1008,8
1229,107,3
1229,113,3
1229,1226,3
1234,537,7
1234,540,8
1235,317,3
1235,319,3
1235,320,6
1235,1236,1
1236,540,14
1237,306,2
1237,310,3
1237,315,4
1237,319,6
1237,320,3
1237,325,4
1237,328,4
1237,333,3
1237,346,3
1237,348,2
1237,349,3
1237,352,4
1237,354,3
1237,357,4
1237,363,4
1237,367,2
1237,374,2
1237,540,13
1237,971,13
1237,1309,3
1237,1360,3
1237,1383,3
1237,1562,12
1238,1236,1
1239,363,10
1239,540,10
1299,305,5
1299,1302,2
1300,306,4
1300,1237,3
1301,307,5
1301,1302,2
1302,308,5
1302,1388,2
1303,309,5
1303,1302,2
1304,310,6
1304,1300,2
1305,311,5
1305,1302,2
1306,312,3
1306,1300,2
1307,313,6
1307,1306,2
1308,314,6
1308,1306,2
1309,315,5
1309,1302,2
1310,316,6
1310,1300,2
1358,317,5
1358,1237,3
1359,319,7
1359,1237,3
1360,320,14
1360,1237,2
1360,1358,2
1361,323,10
1361,1358,2
1362,324,7
1362,1237,2
1362,1358,2
1363,325,7
1363,1237,3
1364,319,3
1364,326,13
1364,1237,2
1364,1358,2
1365,327,8
1365,1237,1
1365,1358,2
1366,328,9
1366,1237,3
1367,319,3
1367,329,23
1367,1237,4
1367,1358,2
1368,330,6
1368,1358,2
1369,331,7
1369,333,3
1369,1237,1
1369,1397,2
1370,332,7
1370,1237,1
1370,1397,2
1371,319,3
1371,334,11
1371,1237,3
1371,1358,2
1372,335,8
1372,1237,3
1373,337,7
1373,1237,1
1373,1397,2
1374,338,5
1374,1358,2
1375,339,7
1375,1397,2
1376,340,7
1376,1237,5
1377,341,11
1377,1237,6
1378,342,7
1378,1237,3
1379,343,9
1379,1237,4
1380,344,5
1380,1358,2
1381,345,6
1381,1390,2
1382,346,8
1382,1237,1
1382,1402,2
1383,349,13
1383,1237,5
1383,1358,2
1384,351,9
1384,1237,3
1384,1358,2
1385,350,9
1385,1237,3
1385,1358,2
1386,352,9
1386,1237,4
1388,319,3
1388,348,28
1388,971,2
1388,1237,10
1388,1358,2
1389,354,8
1389,1237,4
1390,355,8
1390,1237,3
1392,357,9
1392,1237,3
1393,319,3
1393,358,9
1393,1237,3
1393,1358,2
1394,359,7
1394,1237,1
1394,1358,2
1395,360,8
1395,1237,1
1395,1358,2
1396,361,8
1396,1358,2
1397,362,6
1397,1358,2
1398,363,8
1398,1237,3
1399,364,7
1399,1237,1
1399,1358,2
1400,365,5
1400,1358,2
1401,366,9
1401,1237,4
1402,367,3
1402,1237,3
1403,368,9
1403,1237,2
1403,1358,2
1356,369,7
1356,971,1
1356,1237,3
1404,370,9
1404,1402,2
1299,305,5
1299,1302,2
1300,306,4
1300,1237,3
1301,307,5
1301,1302,2
1302,308,5
1302,1388,2
1303,309,5
1303,1302,2
1304,310,6
1304,1300,2
1305,311,5
1305,1302,2
1306,312,3
1306,1300,2
1307,313,6
1307,1306,2
1308,314,6
1308,1306,2
1309,315,5
1309,1302,2
1310,316,6
1310,1300,2
1358,317,5
1358,1237,3
1359,319,7
1359,1237,3
1360,320,17
1360,1237,2
1360,1358,2
1361,323,10
1361,1358,2
1362,324,7
1362,1237,2
1362,1358,2
1363,325,7
1363,1237,3
1364,319,3
1364,326,14
1364,1237,2
1364,1358,2
1365,327,11
1365,1237,1
1365,1358,2
1366,328,9
1366,1237,3
1367,319,3
1367,329,23
1367,1237,4
1367,1358,2
1368,330,6
1368,1358,2
1369,331,7
1369,333,3
1369,1237,1
1369,1397,2
1370,332,7
1370,1237,1
1370,1397,2
1371,319,3
1371,334,11
1371,1237,3
1371,1358,2
1372,335,8
1372,1237,3
1373,337,7
1373,1237,1
1373,1397,2
1374,338,5
1374,1358,2
1375,339,7
1375,1397,2
1376,340,7
1376,1237,5
1377,341,11
1377,1237,6
1378,342,7
1378,1237,3
1379,343,9
1379,1237,4
1380,344,5
1380,1358,2
1381,345,6
1381,1390,2
1382,346,8
1382,1237,1
1382,1402,2
1383,349,13
1383,1237,5
1383,1358,2
1384,351,9
1384,1237,3
1384,1358,2
1385,350,9
1385,1237,3
1385,1358,2
1386,352,9
1386,1237,4
1387,353,8
1387,1237,2
1387,1358,2
1388,319,3
1388,348,29
1388,971,2
1388,1237,10
1388,1358,2
1389,354,8
1389,1237,4
1390,355,8
1390,1237,3
1392,357,9
1392,1237,3
1393,319,3
1393,358,10
1393,1237,3
1393,1358,2
1394,359,7
1394,1237,1
1394,1358,2
1395,360,8
1395,1237,1
1395,1358,2
1396,361,8
1396,1358,2
1397,362,6
1397,1358,2
1398,363,8
1398,1237,3
1399,364,7
1399,1237,1
1399,1358,2
1400,365,5
1400,1358,2
1401,366,9
1401,1237,4
1402,367,3
1402,1237,3
1403,368,9
1403,1237,2
1403,1358,2
1356,369,7
1356,971,1
1356,1237,3
1404,370,9
1404,1402,2
1358,317,5
1358,1237,3
1359,319,7
1359,1237,3
1360,320,19
1360,1237,2
1360,1358,2
1361,323,10
1361,1358,2
1362,324,7
1362,1237,2
1362,1358,2
1363,325,7
1363,1237,3
1364,319,3
1364,326,14
1364,1237,2
1364,1358,2
1365,327,11
1365,1237,1
1365,1358,2
1366,328,9
1366,1237,3
1367,319,3
1367,329,23
1367,1237,4
1367,1358,2
1368,330,6
1368,1358,2
1369,331,7
1369,333,3
1369,1237,1
1369,1397,2
1370,332,7
1370,1237,1
1370,1397,2
1371,319,3
1371,334,11
1371,1237,3
1371,1358,2
1372,335,8
1372,1237,3
1373,337,7
1373,1237,1
1373,1397,2
1374,338,5
1374,1358,2
1375,339,7
1375,1397,2
1376,340,7
1376,1237,5
1377,341,11
1377,1237,6
1378,342,7
1378,1237,3
1379,343,9
1379,1237,4
1380,344,5
1380,1358,2
1381,345,6
1381,1390,2
1382,346,8
1382,1237,1
1382,1402,2
1383,349,13
1383,1237,5
1383,1358,2
1384,351,9
1384,1237,3
1384,1358,2
1385,350,9
1385,1237,3
1385,1358,2
1386,352,9
1386,1237,4
1387,353,10
1387,1237,3
1387,1358,2
1388,319,5
1388,348,32
1388,971,2
1388,1237,11
1388,1358,2
1389,354,8
1389,1237,4
1390,355,8
1390,1237,3
1391,356,8
1391,1237,1
1391,1358,2
1392,357,9
1392,1237,3
1393,319,3
1393,358,11
1393,1237,3
1393,1358,2
1394,359,7
1394,1237,1
1394,1358,2
1395,360,8
1395,1237,1
1395,1358,2
1396,361,8
1396,1358,2
1397,362,6
1397,1358,2
1398,363,8
1398,1237,3
1399,364,7
1399,1237,1
1399,1358,2
1400,365,5
1400,1358,2
1401,366,10
1401,1237,5
1402,367,3
1402,1237,3
1403,368,9
1403,1237,2
1403,1358,2
1404,370,9
1404,1402,2
1240,369,6
1240,1236,1
1405,113,5
1405,783,4
1405,1418,1
1405,1422,1
1406,113,5
1406,783,4
1406,1421,1
1406,1422,1
1407,1695,10
1407,113,6
1407,826,1
1408,1695,8
1408,113,6
1409,113,6
1409,816,5
1409,826,4
1409,1418,1
1409,1422,1
1410,113,6
1410,816,5
1410,826,4
1410,1421,1
1410,1422,1
1411,113,5
1411,826,4
1411,1418,1
1411,1422,1
1412,113,5
1412,826,4
1412,1421,1
1412,1422,1
1413,1695,5
1413,113,11
1414,40,1
1414,46,5
1414,1416,5
1415,1416,5
1417,113,5
1417,826,4
1417,1421,1
1417,1422,10
1418,1414,3
1418,1415,5
1418,1422,1
1419,1415,5
1419,1421,1
1420,1415,5
1420,1422,1
1421,1422,1
1422,1695,4
1422,113,11
1422,1414,10
1422,1415,9
1422,1416,8
1423,1414,4
1424,1695,4
1424,52,5
1424,113,4
1424,1008,6
1424,1414,3
1424,1415,3
1424,1422,8
1424,1423,3
1425,1414,2
1425,1423,2
1425,1424,1
1426,1413,1
1427,40,3
1427,1695,4
1427,113,7
1427,136,3
1427,310,3
1427,729,2
1427,730,5
1427,898,4
1427,868,1
1427,1562,2
1428,730,5
1428,1455,1
1428,1460,4
1429,1695,3
1429,316,4
1429,730,5
1079,40,16
1079,1695,14
1079,113,8
1079,250,6
1079,251,4
1079,263,2
1079,264,2
1079,136,3
1079,310,9
1079,85,1
1079,939,3
1079,868,1
1079,873,1
1079,879,1
1079,1060,8
1430,306,3
1430,326,3
1430,329,3
1430,348,2
1430,358,2
1430,364,3
1430,1016,1
1430,1095,13
1430,1107,11
1430,1018,3
1430,1431,4
1431,113,18
1431,136,5
1431,738,12
1431,771,2
1431,868,5
1431,871,5
1431,875,4
1431,961,2
1431,1095,4
1431,1107,22
1080,826,1
1080,1023,7
1081,40,15
1081,310,18
1081,84,18
1081,1018,3
1081,1060,16
1432,310,5
1432,381,4
1432,741,16
1432,742,7
1432,744,9
1432,757,2
1432,1604,13
1433,118,9
1433,326,5
1433,747,6
1433,753,2
1433,1106,9
1433,1440,3
1433,1441,3
1433,1442,2
1433,1515,2
1433,1604,2
1433,1610,2
1434,306,7
1434,310,7
1434,316,7
1434,750,10
1434,1604,15
1435,40,3
1435,113,4
1435,306,2
1435,308,3
1435,310,25
1435,316,25
1435,348,2
1435,1018,27
1435,1060,16
1436,107,2
1436,113,3
1436,1018,1
1436,1435,1
1437,742,1
1437,1432,1
1437,1438,1
1438,105,3
1438,110,5
1438,113,5
1438,310,21
1438,316,29
1438,380,31
1438,742,1
1438,743,2
1438,746,1
1438,754,2
1438,756,2
1438,1018,4
1438,1172,1
1438,1435,2
1438,1604,10
1441,1604,3
1441,1610,3
1442,753,2
1443,107,2
1443,113,3
1443,1018,1
1443,1435,1
1444,373,4
1444,374,4
1444,375,7
1444,385,4
1444,386,4
1444,391,5
1444,396,2
1444,1446,1
1445,308,5
1445,315,4
1445,316,3
1445,348,1
1445,374,3
1445,387,5
1447,1452,2
1448,1452,2
1449,1446,2
1451,113,12
1451,1452,7
1452,1446,3
1452,1449,4
1452,1450,6
1452,1456,1
1453,40,5
1453,310,3
1453,316,3
1453,1016,1
1453,1018,2
1453,1060,9
1454,1695,3
1455,1562,3
1456,1455,36
1456,1562,7
1457,1695,4
1457,113,3
1457,1438,1
1457,1455,1
1457,1459,3
1457,1562,1
1458,1455,1
1458,1460,2
1459,1695,4
1459,113,9
1459,1460,3
1460,1695,4
1460,1455,27
1460,1562,7
1463,1455,3
1463,1459,2
1463,1562,10
1464,1455,3
1464,1459,2
1464,1562,10
1465,1848,2
1465,306,2
1465,315,4
1465,348,2
1466,1468,1
1467,316,6
1467,1023,2
1467,1468,3
1468,1695,5
1468,107,2
1468,113,2
1468,1023,11
1468,1461,1
1468,1585,6
1469,1468,1
1470,1695,5
1470,107,2
1470,113,2
1470,1023,10
1470,1465,1
1470,1535,1
1470,1585,6
1472,1023,8
1472,1471,2
1461,1116,1
1461,1022,4
1562,1695,7
1562,308,3
1562,310,3
1562,316,3
1562,1695,6
1562,308,3
1562,310,3
1562,316,3
1473,850,1
1473,851,3
1473,852,4
1084,1695,4
1084,110,2
1084,113,10
1084,281,3
1084,283,2
1479,136,10
1479,306,2
1479,310,3
1479,326,4
1479,329,3
1479,358,2
1479,364,4
1479,894,4
1479,868,3
1479,871,2
1479,875,1
1479,1016,1
1479,1095,15
1479,1107,22
1479,1018,1
1479,1227,11
1480,1695,5
1480,1018,2
1481,1479,1
1482,308,2
1482,85,2
1482,868,5
1482,871,2
1482,873,2
1483,1695,7
1483,52,5
1483,310,7
1483,1227,3
1484,136,6
1484,306,2
1484,310,3
1484,316,3
1484,326,4
1484,329,3
1484,358,2
1484,364,4
1484,894,2
1484,868,3
1484,871,2
1484,875,3
1484,1095,15
1484,1107,22
1484,1018,3
1484,1227,10
1484,1488,1
1485,1517,5
1486,40,10
1486,1695,5
1486,113,7
1486,136,3
1486,310,4
1486,898,4
1486,868,1
1486,873,2
1486,998,3
1487,136,2
1487,306,2
1487,310,1
1487,316,5
1487,326,7
1487,329,5
1487,358,3
1487,364,7
1487,898,5
1487,868,3
1487,871,2
1487,872,2
1487,875,2
1487,1095,29
1487,1107,33
1487,1018,5
1487,1227,10
1488,540,3
1488,858,5
1488,901,8
1488,868,3
1488,952,2
1488,983,3
1488,1522,4
1489,1695,5
1489,113,9
1489,1036,3
1489,1456,1
1490,1695,5
1490,113,9
1490,1460,4
1491,113,7
1491,1455,2
1491,1490,3
1492,1018,1
1492,1478,2
1493,1695,5
1493,90,2
1493,306,6
1493,308,3
1493,310,3
1493,315,2
1493,316,3
1493,329,2
1493,333,1
1493,348,2
1493,1585,6
1474,1477,5
1495,317,1
1495,329,5
1495,913,2
1495,914,8
1495,918,1
1495,872,1
1495,1475,2
1495,1476,5
1496,540,2
1496,915,2
1496,942,2
1496,944,1
1496,945,4
1496,948,2
1496,952,2
1496,1494,3
1497,540,2
1497,915,2
1497,944,1
1497,946,4
1497,948,2
1497,952,2
1497,1494,3
1498,540,5
1498,943,2
1498,952,13
1498,1494,3
1498,1496,2
1499,540,3
1499,858,5
1499,912,2
1499,914,10
1499,917,3
1499,918,1
1499,868,3
1499,950,4
1499,952,4
1499,1457,1
1499,1494,2
1499,1498,4
1499,1522,8
1501,1503,3
1502,1695,5
1502,113,8
1502,136,2
1502,310,3
1502,1500,18
1503,1695,5
1503,105,1
1503,113,8
1503,117,1
1503,136,3
1503,310,4
1503,315,4
1503,348,2
1503,924,41
1503,1018,7
1503,1499,1
1503,1500,69
1475,879,1
1475,998,2
1476,873,1
1504,369,4
1504,540,3
1504,85,7
1504,939,2
1504,868,8
1504,869,2
1504,871,3
1504,873,4
1504,875,3
1504,1016,2
1504,1018,6
1505,1511,3
1505,1512,5
1505,1515,2
1506,1095,1
1506,1018,1
1506,1478,3
1507,540,3
1507,935,5
1507,936,4
1507,999,2
1507,1512,7
1507,1514,5
1508,936,6
1508,1510,15
1508,1513,3
1509,326,9
1509,934,4
1509,879,1
1509,1005,2
1509,1476,4
1509,1511,3
1509,1512,2
1509,1515,2
1512,1511,3
1514,934,2
1514,1006,2
1516,1095,1
1516,1018,1
1516,1478,3
1517,1695,10
1517,113,7
1517,1023,10
1518,322,3
1518,369,15
1518,85,6
1518,868,6
1518,869,2
1518,871,3
1518,873,3
1518,875,3
1518,1016,2
1518,1018,3
1477,1695,5
1477,113,9
1477,136,3
1477,310,3
1477,315,2
1477,316,3
1477,998,4
1478,113,4
1478,136,4
1478,868,1
1478,871,1
1478,875,1
1478,1094,2
1478,1095,3
1478,1107,10
1519,1455,1
1519,1520,2
1520,1695,4
1520,113,10
1520,1460,4
1521,306,4
1521,310,5
1521,315,10
1521,321,12
1521,329,17
1521,348,3
1521,358,5
1521,362,4
1521,369,2
1521,85,7
1521,868,14
1521,869,2
1521,873,3
1521,875,4
1522,540,6
1522,858,5
1522,868,3
1522,952,8
1522,983,3
1522,1521,1
1523,317,1
1523,329,5
1523,362,4
1523,868,4
1523,871,3
1523,875,2
1523,1518,1
1523,1521,2
1524,1018,1
1524,1478,2
1525,112,9
1525,310,4
1525,326,2
1525,329,3
1525,348,2
1525,358,2
1525,364,2
1525,868,2
1525,871,2
1525,984,2
1525,1095,10
1525,1107,13
1526,1695,16
1526,113,23
1526,250,6
1526,251,4
1526,136,7
1526,381,1
1526,515,3
1526,521,4
1526,524,2
1526,730,15
1526,961,5
1526,963,1
1527,1695,13
1527,113,14
1527,250,6
1527,251,4
1527,136,7
1527,381,1
1527,515,3
1527,521,3
1527,524,2
1527,730,6
1527,961,5
1527,963,1
1528,1695,9
1528,113,17
1528,250,6
1528,251,4
1528,136,7
1528,381,1
1528,515,3
1528,521,3
1528,524,2
1528,961,5
1528,963,1
1529,1562,4
1530,1562,4
1531,316,7
1531,1455,8
1531,1460,2
1531,1562,1
1531,1523,1
1532,1695,4
1532,316,7
1532,1455,26
1532,1468,1
1532,1562,8
1533,1534,1
1533,1546,1
1533,1562,1
1534,40,5
1534,52,2
1534,1121,1
1534,1546,6
1534,1562,2
1535,1022,3
1536,1695,10
1536,113,7
1537,1695,8
1537,1562,8
1538,1695,4
1538,113,15
1538,771,2
1538,1562,3
1540,791,1
1540,817,5
1540,771,2
1540,1538,1
1541,791,1
1541,817,6
1541,771,2
1541,1538,1
1542,826,5
1542,771,2
1542,1538,1
1543,1016,1
1543,1041,16
1543,1585,5
1544,113,7
1544,136,5
1544,512,6
1544,513,1
1544,521,4
1544,871,3
1544,1041,5
1544,1543,4
1545,113,1
1545,203,1
1545,306,2
1545,310,4
1545,1022,3
1545,1023,6
1546,1562,4
1547,1455,1
1547,1552,2
1548,1695,5
1548,310,3
1548,985,2
1549,1455,1
1549,1552,2
1550,1695,4
1550,113,6
1550,1008,6
1550,1552,2
1551,1455,2
1551,1552,2
1552,348,2
1552,1455,2
1552,1460,6
1552,1562,2
1553,1695,4
1553,113,6
1553,1008,6
1553,1552,2
1554,1537,1
1555,1695,8
1556,1562,1
1556,1568,2
1557,1695,5
1557,310,3
1558,1695,5
1558,107,2
1558,113,5
1558,980,6
1558,1562,6
1559,1695,8
1559,107,2
1559,113,10
1560,1695,5
1560,113,6
1560,1446,5
1561,1695,7
1561,1562,2
1562,1695,7
1562,308,3
1562,310,3
1562,316,3
1563,1016,1
1563,1041,59
1563,1585,22
1564,113,6
1564,136,5
1564,512,6
1564,513,1
1564,521,4
1564,871,3
1564,1041,1
1564,1563,2
1565,113,10
1565,141,5
1565,521,1
1565,524,3
1565,1016,1
1565,1041,43
1566,1016,1
1566,1041,74
1566,1585,46
1567,113,6
1567,136,5
1567,512,6
1567,513,1
1567,521,4
1567,871,3
1567,1041,1
1567,1566,2
1568,980,8
1568,1562,14
1569,1695,5
1569,310,3
1570,1695,5
1570,310,3
1571,1562,1
1571,1568,3
1572,113,6
1572,136,5
1572,321,3
1572,512,5
1572,513,2
1572,521,4
1572,871,3
1572,1016,1
1572,1041,20
1572,1585,10
1573,1695,3
1573,113,8
1573,310,5
1573,1010,3
1573,1016,3
1573,1018,7
1573,1585,6
1574,1695,7
1574,52,5
1574,1016,1
1574,1041,33
1575,1695,3
1575,1455,1
1575,1577,2
1576,1455,1
1576,1580,2
1577,1695,10
1577,113,4
1577,999,2
1577,1008,6
1577,1460,4
1578,1695,3
1578,1577,3
1579,1695,9
1579,113,17
1579,1577,2
1580,1695,9
1580,113,7
1580,136,5
1580,1008,10
1580,1577,3
1581,1695,3
1581,1577,3
1582,977,18
1583,988,151
1584,993,2
1586,982,1
1586,1587,6
1588,1003,20
1589,107,2
1589,113,8
1589,136,5
1589,310,5
1589,316,5
1589,524,5
1590,107,2
1590,113,6
1590,796,5
1590,798,1
1590,771,2
1591,107,2
1591,113,8
1591,163,3
1591,987,2
1592,1593,1
1593,1023,5
1593,1470,1
1594,1695,5
1594,113,5
1595,113,3
1595,1593,2
1596,113,2
1596,1008,6
1596,1593,1
1597,105,3
1597,107,2
1597,113,6
1597,118,5
1597,232,2
1597,239,2
1597,254,2
1597,259,2
1597,260,2
1597,261,5
1597,203,2
1597,209,8
1597,316,5
1597,325,3
1597,326,7
1598,1451,3
1085,310,3
1085,1023,6
1085,1449,2
1603,1602,3
1603,1604,2
1603,1610,2
1605,1602,4
1607,1604,5
1607,1610,2
1608,1604,2
1608,1610,2
1609,1603,3
1611,1603,4
1611,1604,3
1611,1605,3
1611,1610,3
1611,1615,3
1612,1604,30
1617,1619,7
1618,1619,9
1613,1617,8
1613,1618,1
1613,1619,1
1615,1603,1
1616,1610,30
1620,118,4
1620,306,5
1620,348,12
1620,349,3
1620,352,8
1620,769,5
1620,770,2
1620,959,2
1620,961,1
1620,971,10
1620,984,8
1620,1006,6
1620,1621,24
1620,1626,19
1621,118,17
1621,306,6
1621,310,2
1621,316,2
1621,541,4
1621,845,5
1621,770,3
1621,771,2
1621,778,3
1621,781,2
1621,961,2
1621,984,3
1621,1006,5
1621,1620,2
1621,1624,2
1622,118,5
1622,306,5
1622,348,3
1622,349,3
1622,352,19
1622,769,5
1622,776,12
1622,959,2
1622,961,1
1622,984,8
1622,1006,2
1622,1621,24
1622,1627,24
1623,306,6
1623,310,3
1623,316,3
1623,367,3
1623,787,3
1623,770,2
1623,776,2
1623,777,2
1623,778,2
1623,779,2
1623,984,4
1623,1621,13
1623,1622,3
1623,1625,3
1624,118,2
1624,306,6
1624,348,5
1624,352,3
1624,366,26
1624,769,5
1624,778,2
1624,971,5
1624,984,9
1624,1006,2
1624,1620,38
1624,1621,25
1624,1626,8
1624,1628,44
1625,118,3
1625,306,6
1625,352,12
1625,366,26
1625,769,5
1625,779,2
1625,984,9
1625,1621,25
1625,1622,36
1625,1627,10
1625,1628,44
1629,113,10
1629,1104,2
1629,1018,1
1629,1621,7
1630,113,4
1630,1008,6
1630,1134,1
1630,1018,1
1631,113,4
1631,1008,6
1631,1134,1
1631,1018,1
1632,113,10
1632,783,7
1632,1104,2
1632,1018,1
1632,1621,2
1632,1623,5
1633,113,10
1633,783,7
1633,1109,2
1633,1018,1
1633,1621,2
1633,1623,5
1634,1635,5
1634,1644,3
1634,1649,4
1635,1649,10
1635,1650,7
1636,1648,19
1636,1649,5
1637,1636,6
1637,1638,2
1637,1639,2
1637,1640,6
1637,1649,8
1638,1636,5
1638,1648,11
1638,1649,3
1639,1640,3
1639,1646,4
1639,1648,26
1639,1649,6
1640,1646,2
1640,1648,10
1640,1649,1
1641,1648,21
1641,1649,6
1642,1641,4
1642,1643,4
1642,1649,4
1643,1646,5
1643,1648,39
1643,1649,16
1644,1635,7
1644,1649,16
1644,1650,15
1645,1646,4
1645,1647,4
1645,1649,4
1646,1648,43
1646,1649,14
1647,1648,24
1647,1649,6
1647,1651,14
1648,1649,5
1650,1649,4
1652,1695,5
1880,1695,9
1880,980,5
1881,1880,17
1882,1880,16
1883,1880,11
1883,1881,4
1883,1882,2
1657,348,2
1657,396,1
1657,969,3
1658,348,2
1658,396,1
1658,969,3
1659,1695,5
1659,310,3
1873,1663,16
1661,1876,2
1661,1663,2
1876,1663,14
1663,40,7
1663,1695,5
1663,480,1
1663,981,3
1665,879,2
1665,998,2
1666,861,2
1666,879,4
1666,880,1
1666,969,3
1666,980,5
1666,984,3
1666,998,2
1666,999,3
1666,1672,10
1666,1677,4
1667,113,7
1667,869,2
1667,877,1
1667,1671,3
1667,1673,2
1668,113,2
1668,1008,6
1668,1667,1
1669,321,5
1669,326,4
1669,333,1
1669,879,1
1669,880,2
1669,970,6
1669,971,5
1669,973,3
1669,984,3
1669,998,4
1669,999,3
1669,1672,5
1669,1677,4
1670,868,4
1670,871,3
1670,874,3
1670,875,2
1670,1006,4
1670,1666,5
1670,1671,2
1670,1677,5
1670,1678,2
1671,320,2
1671,877,4
1671,998,2
1671,1677,5
1671,1678,2
1672,880,2
1672,1677,5
1673,321,5
1673,369,6
1673,869,4
1673,879,1
1673,1665,12
1673,1677,5
1673,1678,2
1674,1669,7
1674,1677,2
1675,868,2
1675,875,2
1675,1006,2
1675,1670,3
1675,1674,2
1675,1676,2
1676,1671,5
1677,969,4
1677,970,5
1677,971,3
1677,1006,2
1678,321,3
1678,1006,2
1678,1677,2
1679,1006,2
1679,1007,2
1679,1678,1
1680,40,3
1680,1681,1
1682,1681,1
1683,82,4
1684,1695,5
1684,113,9
1684,1036,3
1684,1456,1
1685,1695,5
1685,113,9
1685,1460,4
1686,113,7
1686,1455,2
1686,1685,3
1687,1095,1
1687,1018,1
1687,1478,4
1688,1685,3
1689,1018,1
1689,1687,3
1690,321,2
1690,1006,2
1690,1170,2
1690,1173,2
1690,1678,4
1691,1695,5
1691,113,2
1691,316,7
1693,1695,10
1693,47,7
1693,1683,10
1693,1692,23
1694,306,5
1694,310,3
1694,316,3
1694,84,14
1694,1713,1
1694,1715,3
1695,1696,9
1695,1700,2
1695,1702,1
1696,1695,6
1696,52,16
1696,84,14
1697,1713,3
1698,40,6
1698,306,2
1698,310,3
1698,316,3
1698,1697,6
1698,1713,16
1698,1715,4
1698,1717,5
1699,40,13
1699,76,2
1699,799,6
1699,1696,12
1699,1709,5
1699,1710,20
1700,1695,4
1700,1696,52
1700,1699,6
1700,1715,5
1700,1718,1
1701,40,11
1701,1695,15
1701,107,2
1701,113,3
1701,84,2
1701,999,2
1701,1696,45
1701,1697,11
1701,1698,8
1701,1713,10
1701,1715,6
1702,43,2
1702,1707,3
1703,1702,3
1705,1704,5
1707,1704,5
1707,1705,1
1707,1706,4
1709,799,18
1710,56,3
1710,57,4
1710,61,3
1710,1699,7
1710,1711,13
1710,1712,3
1711,57,6
1711,1712,2
1712,367,2
1712,855,2
1712,799,42
1713,84,3
1714,1708,8
1715,40,5
1715,1695,3
1715,1696,3
1715,1713,1
1716,57,15
1716,799,3
1716,1704,1
1716,1705,2
1716,1717,4
1717,40,2
1717,56,2
1717,57,16
1717,61,2
1717,350,3
1717,1697,1
1717,1698,10
1717,1709,3
1717,1713,5
1717,1714,3
1717,1716,19
1719,306,7
1719,1694,96
1720,1694,8
1720,1697,1
1720,1698,2
1720,1701,1
1721,1701,39
1724,1695,7
1724,1696,15
1724,1700,10
1724,1701,7
1724,1710,1
1724,1723,4
1725,1695,3
1725,1699,8
1725,1700,4
1725,1701,7
1725,1710,14
1725,1722,4
1725,1723,6
1726,1695,5
1726,310,3
1726,1694,6
1726,1701,8
1727,1698,3
1727,1708,4
1727,1714,15
1729,306,2
1729,310,3
1729,333,6
1729,357,11
1729,358,9
1729,540,11
1730,1585,2
1730,1731,18
1730,1881,2
1730,1882,1
1731,1695,6
1731,113,9
1731,1585,1
1731,1881,9
1731,1882,8
1881,1585,5
1734,1735,1
1735,1734,2
1736,1734,1
1736,1735,4
1737,1734,1
1738,1734,1
1738,1737,1
1739,1738,1
1739,1741,2
1750,1695,3
1750,113,13
1750,524,3
1750,1735,3
1750,1736,3
1750,1737,4
1751,1735,3
1751,1739,2
1751,1749,6
1751,1754,13
1751,1741,6
1752,310,3
1752,313,3
1752,314,3
1752,316,3
1752,1740,6
1753,113,8
1753,524,3
1753,1737,2
1753,1750,6
1754,1735,4
1754,1736,3
1754,1737,3
1754,1738,2
1755,1735,2
1755,1741,2
1756,1735,3
1756,1754,15
1756,1741,7
1756,1742,2
1757,1755,2
1757,1741,1
1758,1695,3
1758,1736,1
1758,1737,3
1758,1759,2
1759,1735,3
1759,1736,2
1741,1734,1
1742,1738,1
1742,1741,2
1743,1744,1
1744,1734,1
1745,1734,4
1745,1735,5
1745,1744,1
1746,1734,3
1746,1744,3
1747,1737,5
1747,1740,5
1747,1744,4
1747,1746,2
1761,1740,4
1761,1743,1
1761,1744,1
1761,1747,2
1761,1748,1
1762,1760,2
1762,1761,4
1748,1744,1
1763,1738,2
1763,1739,3
1763,1741,3
1763,1742,3
1763,1745,5
1764,1737,3
1764,1738,2
1764,1739,3
1764,1741,2
1764,1742,3
1764,1745,1
1764,1763,9
1765,1734,2
1765,1737,4
1765,1738,1
1765,1739,4
1765,1741,2
1765,1742,4
1765,1743,2
1765,1763,11
1765,1767,4
1766,1737,5
1766,1739,2
1766,1741,2
1766,1742,2
1766,1745,2
1766,1767,8
1767,1737,7
1767,1738,2
1767,1739,3
1767,1741,2
1767,1742,3
1767,1745,2
1767,1763,9
1768,1695,1
1768,759,5
1768,113,5
1768,306,1
1768,310,4
1769,1770,2
1770,1695,10
1770,52,2
1770,113,10
1770,1771,9
1770,1772,1
1770,1773,5
1770,1774,9
1771,1772,3
1773,1775,24
1776,1783,2
1777,1785,2
1778,1861,2
1779,1787,18
1780,1786,2
1780,1787,6
1780,1788,28
1780,1791,6
1780,1795,6
1780,1797,11
1780,1799,3
1780,1800,3
1780,1804,6
1780,1805,6
1780,1809,5
1780,1816,4
1781,1779,2
1781,1806,2
1782,1779,33
1782,1781,6
1782,1787,3
1782,1789,25
1783,1779,1
1783,1780,5
1783,1782,4
1783,1786,1
1783,1787,2
1783,1788,3
1783,1789,5
1783,1790,5
1783,1809,3
1784,1779,16
1784,1781,10
1784,1787,3
1784,1792,23
1785,1779,1
1785,1780,5
1785,1784,4
1785,1786,1
1785,1787,2
1785,1788,3
1785,1792,5
1785,1793,5
1785,1809,3
1786,1794,1
1786,1795,1
1787,1786,1
1788,1786,1
1789,1787,1
1790,1788,2
1791,1786,1
1792,1787,1
1793,1788,2
1795,1794,6
1796,1797,1
1796,1801,2
1796,1802,5
1796,1803,2
1801,1798,8
1801,1802,1
1803,1798,6
1803,1802,1
1799,1796,8
1799,1801,15
1799,1803,15
1800,1796,11
1800,1801,43
1800,1803,29
1804,1786,2
1804,1797,4
1804,1807,7
1804,1808,1
1805,1796,2
1805,1797,1
1805,1804,7
1805,1810,6
1805,1811,3
1807,1808,4
1808,1797,3
1808,1807,2
1811,1810,1
1809,1796,2
1809,1797,1
1809,1804,4
1809,1806,11
1812,1695,23
1812,52,2
1812,1816,1
1813,1815,1
1814,1816,1
1815,1795,2
1815,1814,1
1817,1794,2
1817,1795,14
1818,107,2
1818,113,6
1845,142,7
1845,148,5
1845,150,1
1845,163,3
1845,172,3
1845,178,3
1845,1820,4
1852,1820,2
1852,1822,5
1853,142,1
1853,1846,5
1853,1820,2
1853,1822,2
1854,1820,2
1854,1822,5
1855,172,4
1855,1820,3
1855,1822,6
1856,142,1
1856,1846,5
1856,1820,2
1856,1822,1
1857,1820,3
1857,1822,8
1858,306,5
1858,1820,2
1858,1822,7
1858,1839,8
1846,1820,1
1846,1822,2
1847,105,2
1847,113,8
1847,141,3
1847,142,2
1847,157,2
1847,163,2
1847,198,4
1847,203,1
1847,204,1
1847,306,2
1847,1845,1
1848,1849,3
1848,1850,1
1848,1820,1
1849,1850,4
1849,1820,1
1849,1822,4
1851,1839,1
1819,1825,2
1820,142,2
1820,172,2
1820,178,2
1820,306,2
1845,142,7
1845,148,5
1845,150,1
1845,163,3
1845,172,3
1845,178,3
1845,1820,4
1822,142,6
1822,306,6
1822,1820,4
1846,1820,1
1846,1822,2
1847,105,2
1847,113,8
1847,141,3
1847,142,2
1847,157,2
1847,163,2
1847,198,4
1847,203,1
1847,204,1
1847,306,2
1847,1845,1
1825,78,25
1825,79,2
1825,1828,10
1825,1839,18
1848,1849,3
1848,1850,1
1848,1820,1
1827,78,7
1827,79,2
1827,1828,12
1827,1829,4
1827,1839,12
1828,306,5
1828,310,3
1828,316,3
1828,1839,6
1831,1828,2
1831,1839,5
1849,1850,4
1849,1820,1
1849,1822,4
1833,1695,3
1833,978,5
1833,982,2
1833,1830,6
1833,1840,6
1834,142,4
1834,163,2
1834,172,3
1834,306,3
1834,1845,2
1837,112,3
1837,113,3
1837,1847,2
1838,113,7
1838,1008,6
1841,1842,1
1842,1840,1
1843,1842,1
1839,1695,6
1839,52,1
1839,78,7
1844,113,8
1844,1179,2
1869,1868,4
1862,90,3
1862,306,6
1862,308,10
1862,313,4
1862,315,8
1862,316,3
1862,321,8
1862,325,4
1862,326,10
1862,328,6
1862,329,14
1862,334,8
1862,337,9
1862,348,6
1862,349,5
1862,350,12
1862,352,3
1862,357,4
1862,358,4
1862,362,11
1862,363,4
1862,364,4
1862,873,1
1862,879,1
1862,980,9
1862,983,4
1862,989,7
1862,1868,21
1862,1869,9
1862,1863,15
1863,319,1
1863,320,6
1863,321,4
1863,937,3
1863,938,3
1863,939,7
1863,984,6
1863,998,2
1863,999,3
1863,1006,3
1863,1862,5
1864,939,2
1864,940,3
1864,941,2
1864,868,3
1864,1006,3
1864,1863,2
1864,1865,2
1865,940,2
1865,941,3
1865,868,2
1865,1006,2
1865,1863,2
1866,969,4
1866,970,5
1866,971,3
1866,1006,3
1867,1006,2
1867,1007,2
1867,1866,1
1870,113,8
1870,85,2
1871,1870,4
1872,982,2
1873,40,4
1873,1695,5
1873,1872,1
1874,113,6
1875,1872,2
1875,1873,4
1875,1876,3
1876,40,7
1876,1695,5
1876,480,1
1876,981,3
1876,1872,1
1877,40,7
1877,1695,5
1877,480,1
1877,981,3
1877,1872,1
1878,1695,5
1878,1872,1
1879,1695,5
1879,1872,1
1880,1695,9
1880,980,5
1881,1880,17
1882,1880,16
1883,1880,11
1883,1881,4
1883,1882,2
1884,1695,5
1884,107,2
1884,113,3
