3,2,28
5,4,4
5,6,3
5,7,3
5,8,3
5,9,33
5,11,3
5,12,3
5,71,4
6,9,8
7,9,4
8,9,4
9,10,2
9,56,1
10,9,28
11,9,10
12,9,4
1,4,5
1,5,3
1,65,3
1,72,2
1,485,1
13,50,5
13,54,5
13,485,2
14,47,6
14,48,3
14,50,6
14,182,2
16,276,4
16,279,1
16,280,32
16,310,2
16,315,5
16,318,5
16,320,7
16,321,8
16,338,2
16,291,6
16,295,1
16,296,17
16,350,3
16,351,2
16,397,2
16,412,2
16,665,2
16,670,3
17,671,2
19,671,2
20,22,3
20,274,8
20,275,9
20,276,7
20,279,9
20,280,38
20,300,13
20,303,2
20,310,2
20,311,2
20,315,8
20,317,14
20,322,12
20,338,16
20,285,12
20,291,13
20,295,20
20,296,14
20,347,13
20,350,3
20,351,4
20,397,2
20,400,3
20,425,7
20,410,3
20,412,5
20,488,2
20,611,7
20,612,2
20,615,2
20,665,2
20,670,3
21,671,2
22,20,8
22,274,8
22,275,9
22,276,7
22,279,9
22,280,39
22,300,13
22,303,2
22,310,2
22,311,2
22,315,9
22,317,14
22,322,12
22,338,18
22,285,10
22,291,13
22,295,20
22,296,16
22,340,7
22,347,15
22,350,3
22,351,4
22,397,2
22,400,3
22,425,7
22,410,3
22,412,5
22,488,2
22,611,7
22,612,2
22,615,2
22,670,3
23,24,1
23,45,1
23,46,1
23,274,2
23,275,25
23,276,1
23,278,4
23,280,8
23,299,3
23,300,2
23,310,15
23,315,2
23,319,3
23,321,6
23,333,2
23,289,6
23,291,2
23,294,4
23,295,1
23,347,3
23,397,2
23,410,1
23,412,5
23,665,2
23,670,3
24,25,8
26,50,1
26,65,3
26,71,8
26,85,7
26,440,4
26,450,1
26,476,2
26,485,4
28,27,12
31,65,3
32,60,1
33,51,3
33,77,6
34,50,1
35,671,2
36,51,7
36,53,5
36,65,1
36,72,1
36,77,1
36,99,1
36,451,2
36,459,5
36,474,5
36,485,9
36,586,2
37,36,3
38,36,1
39,671,2
40,50,10
40,55,1
40,64,1
40,65,21
40,67,1
40,71,6
40,72,21
40,73,2
40,76,1
40,77,2
40,79,16
40,280,2
40,485,2
42,36,1
42,87,1
42,485,3
43,31,3
43,36,49
43,40,3
43,44,2
43,50,1
43,51,9
43,53,7
43,55,4
43,64,20
43,65,9
43,66,81
43,67,4
43,71,53
43,72,5
43,73,6
43,76,7
43,77,2
43,440,13
43,444,1
43,449,17
43,450,15
43,504,10
43,511,2
43,526,4
43,529,2
43,531,2
43,475,10
43,476,6
43,485,4
43,560,11
43,561,7
43,565,5
43,571,1
43,572,3
43,577,2
43,581,2
43,488,3
43,490,5
43,683,8
44,43,5
44,55,3
44,65,1
44,66,1
44,67,12
44,444,4
46,45,1
47,41,6
47,48,17
47,52,7
47,280,11
47,282,1
47,294,5
47,393,2
47,395,15
47,396,17
47,398,11
47,409,3
47,412,5
48,109,3
49,50,1
50,65,2
51,50,1
51,65,3
51,72,3
51,485,3
53,276,6
53,294,5
54,33,15
54,47,8
54,48,17
54,51,3
54,53,15
54,90,14
54,157,2
54,395,37
54,398,13
54,485,10
55,65,1
55,67,2
55,564,3
56,34,1
56,36,8
56,50,5
56,51,2
56,53,2
56,76,1
56,96,2
56,99,1
56,476,2
56,485,4
57,77,3
58,671,2
59,36,3
59,53,2
59,485,3
61,36,3
61,42,2
61,87,1
61,487,5
62,671,2
63,73,2
63,88,2
64,53,4
64,71,16
64,73,5
64,442,4
64,488,2
64,586,2
65,71,1
65,72,1
65,280,2
66,31,5
66,36,22
66,47,4
66,50,12
66,51,3
66,53,14
66,55,4
66,63,2
66,64,83
66,65,53
66,67,22
66,71,238
66,72,20
66,73,70
66,75,4
66,76,19
66,77,8
66,79,5
66,88,4
66,98,3
66,280,5
66,377,3
66,396,9
66,409,2
66,227,3
66,440,126
66,441,20
66,442,17
66,443,24
66,444,2
66,446,2
66,450,38
66,451,10
66,504,17
66,512,2
66,519,2
66,526,4
66,527,2
66,529,2
66,530,1
66,531,2
66,532,1
66,472,2
66,474,3
66,476,5
66,482,11
66,485,5
66,486,4
66,560,5
66,565,130
66,567,2
66,568,2
66,569,2
66,570,2
66,572,1
66,574,5
66,575,5
66,576,3
66,582,2
66,488,38
66,489,3
66,586,3
66,592,3
66,603,4
66,679,30
66,683,69
66,689,83
67,53,2
67,65,7
67,66,2
67,69,3
67,481,1
67,559,3
68,65,3
69,68,1
70,73,2
71,53,2
71,377,2
71,440,11
71,446,2
71,450,13
71,485,4
71,488,3
72,71,2
72,73,2
74,53,3
74,276,2
74,280,4
75,53,4
76,53,2
76,485,3
77,53,6
78,671,2
79,64,1
79,65,1
79,71,1
80,671,2
81,91,4
82,36,3
82,42,2
82,87,1
82,476,2
82,485,5
82,487,5
82,496,2
82,586,4
84,60,1
85,73,6
86,31,1
86,36,4
86,50,4
86,55,1
86,60,9
86,65,8
86,66,16
86,67,6
86,72,3
86,84,8
87,36,1
88,77,2
89,51,5
89,485,4
90,33,10
90,36,3
90,51,4
90,54,12
90,65,1
90,76,2
90,77,5
90,300,2
90,395,4
90,476,3
90,485,4
91,50,1
91,65,3
91,72,3
91,76,1
91,485,3
91,586,2
92,671,2
93,53,2
94,586,2
95,53,2
97,60,1
98,586,2
100,55,1
100,60,2
100,65,2
100,67,3
100,72,1
100,84,6
100,86,15
101,36,10
101,105,1
101,108,8
102,105,8
102,108,10
103,36,3
103,101,2
103,102,20
103,106,4
103,107,2
103,108,15
103,485,2
105,108,1
106,105,1
106,108,8
106,485,3
107,108,1
110,197,2
110,198,6
111,33,2
111,36,4
111,110,10
111,112,2
111,181,7
111,198,3
111,199,2
111,482,2
112,33,16
112,216,3
114,99,1
114,110,16
114,112,6
114,146,3
114,147,8
114,148,5
115,118,1
115,119,2
115,120,4
116,36,11
116,51,2
116,53,5
116,65,1
116,126,15
116,127,4
116,128,5
116,276,1
116,280,3
116,281,2
116,291,4
116,351,2
118,36,2
118,50,2
118,77,1
119,36,3
119,51,2
119,77,5
119,485,2
119,486,3
120,50,1
120,55,2
120,65,6
120,67,1
120,118,2
120,119,4
120,485,2
121,51,2
121,77,7
122,123,1
122,124,1
125,124,1
126,36,28
126,56,14
126,115,1
126,116,6
126,117,5
126,118,2
126,120,9
126,122,2
126,123,42
126,124,68
126,125,3
126,476,3
127,276,1
127,281,2
127,328,3
127,350,3
128,276,4
128,281,2
128,303,5
128,305,3
128,310,4
128,315,3
128,328,3
128,350,3
128,612,5
128,615,4
129,130,2
129,357,3
129,364,1
129,365,4
129,368,1
129,370,2
129,371,4
130,357,4
130,365,7
130,368,2
130,370,3
131,130,8
131,357,11
131,364,4
131,365,13
131,368,4
131,370,9
131,371,7
132,130,3
132,357,3
132,364,1
132,365,4
132,368,1
132,370,3
132,371,4
133,130,2
133,357,3
133,364,1
133,365,4
133,368,1
133,370,2
133,371,4
134,130,4
134,357,6
134,364,3
134,365,9
134,368,3
134,370,5
134,371,6
135,130,2
135,357,5
135,364,1
135,365,4
135,368,1
135,370,2
135,371,4
136,36,9
139,36,5
141,142,3
142,143,3
143,141,4
143,142,10
144,36,6
144,47,5
144,48,2
144,50,3
144,53,2
144,99,3
144,147,2
144,148,1
144,395,3
146,33,5
146,53,2
146,54,5
146,90,4
146,99,3
146,147,2
146,148,1
146,395,2
146,485,2
147,99,3
148,147,4
148,395,5
149,33,4
149,53,2
149,54,7
149,90,8
149,99,3
149,147,2
149,148,1
149,185,16
149,209,5
149,200,19
149,201,7
149,220,6
149,395,2
149,485,3
151,150,57
151,152,3
151,153,2
151,154,2
151,501,2
152,150,65
152,151,11
152,153,4
152,154,6
153,150,47
153,151,22
153,152,2
154,150,47
154,151,8
154,152,7
154,153,4
155,54,6
156,162,3
156,165,10
156,166,5
156,167,8
157,54,16
157,90,11
157,158,2
157,395,5
157,398,7
157,485,2
157,486,4
158,54,5
158,90,10
158,157,3
159,33,8
159,36,7
159,54,10
159,395,3
159,400,1
159,410,1
159,412,5
159,476,3
159,485,3
159,486,2
159,618,4
159,660,28
160,36,5
162,163,28
164,163,5
166,161,6
168,36,2
168,176,1
168,177,6
169,47,5
169,90,1
169,184,4
169,395,4
169,498,3
170,171,2
170,220,6
170,233,1
171,36,18
171,51,2
171,76,7
171,485,2
173,36,4
173,586,2
174,33,16
174,54,13
174,395,6
175,36,21
175,51,4
175,53,2
175,70,3
175,77,2
176,36,2
176,177,7
177,33,6
177,36,84
177,40,4
177,47,2
177,51,5
177,65,2
177,72,5
177,76,4
177,77,5
177,90,4
177,168,1
177,176,23
177,485,6
177,568,3
177,488,2
178,476,3
178,496,3
178,586,4
179,51,2
179,476,2
180,51,3
180,53,5
181,33,9
181,47,7
181,90,3
181,197,6
181,198,17
181,199,8
181,395,2
181,485,2
182,36,7
182,53,6
182,54,5
182,485,5
182,496,3
182,586,2
183,47,5
183,90,1
183,498,3
186,586,3
209,40,4
209,55,3
209,65,3
209,67,2
209,72,1
209,189,32
209,267,3
209,220,7
209,485,3
188,171,2
188,209,10
189,40,3
189,55,3
189,65,3
189,67,2
189,209,17
189,220,2
267,185,32
267,209,7
267,485,3
191,36,16
191,72,2
191,73,4
191,168,1
191,176,2
191,177,18
191,485,5
192,36,9
193,36,10
194,36,7
195,51,3
195,72,1
195,76,2
195,485,3
196,33,10
196,36,1
196,40,1
196,53,4
196,54,8
196,55,2
196,65,2
196,67,2
196,405,5
196,476,3
196,485,2
197,198,1
203,36,5
203,50,4
203,53,5
203,207,9
203,208,2
203,586,2
204,36,2
204,50,4
204,53,3
204,203,3
204,205,2
204,207,15
204,209,3
204,210,2
204,211,3
204,212,1
205,36,4
205,204,2
205,207,4
205,212,1
205,586,2
206,36,4
206,207,8
206,209,1
206,210,2
206,211,2
206,212,1
206,586,2
207,34,2
207,36,14
207,40,2
207,50,12
207,51,4
207,53,5
207,56,2
207,61,5
207,65,3
207,99,2
207,204,4
207,208,2
207,209,6
207,210,7
207,211,8
207,476,10
208,36,4
208,50,2
208,53,3
208,207,6
209,34,4
209,36,16
209,50,17
209,99,7
209,207,2
209,213,4
210,36,5
210,50,2
210,53,3
210,207,10
210,208,2
210,209,13
210,586,2
211,34,4
211,36,5
211,50,2
211,53,3
211,206,2
211,207,34
211,208,2
211,209,18
211,210,11
211,212,1
211,586,2
213,34,2
213,50,3
213,99,2
200,185,44
200,209,17
200,220,11
200,485,3
201,209,11
201,189,2
201,215,2
201,220,3
202,207,8
202,209,10
202,210,3
202,215,2
222,220,6
222,476,3
222,485,3
214,171,2
214,215,2
214,220,10
216,171,3
216,185,40
217,220,7
218,171,5
218,219,6
219,171,5
219,220,2
221,171,2
221,220,18
224,36,14
224,49,2
224,51,3
224,822,9
822,36,13
822,51,3
226,29,4
231,47,6
231,239,4
231,398,5
231,618,4
233,232,4
234,47,2
234,231,10
234,239,4
234,396,1
234,409,2
234,655,5
235,33,5
235,47,6
235,54,10
235,76,2
235,90,7
235,170,7
235,230,1
235,239,13
235,395,2
235,398,5
235,476,2
235,485,2
235,618,7
236,47,4
236,239,3
236,396,4
236,398,6
236,618,4
236,619,8
236,649,3
237,47,2
237,231,16
237,239,6
237,396,7
237,398,2
238,239,7
238,626,3
238,627,3
238,630,6
240,622,5
240,623,4
241,231,10
241,234,1
241,237,2
241,239,3
244,243,1
244,250,16
244,253,6
245,243,10
245,244,2
245,247,2
245,248,53
245,249,2
245,250,5
245,255,4
245,262,2
245,264,4
245,265,2
245,268,4
245,269,4
245,270,4
245,272,4
245,257,4
245,274,9
245,275,5
245,276,9
245,279,24
245,280,92
245,283,1
245,299,2
245,300,11
245,301,3
245,302,7
245,303,16
245,304,3
245,305,10
245,306,4
245,307,2
245,308,7
245,309,5
245,310,54
245,311,8
245,312,7
245,313,2
245,314,1
245,315,93
245,317,1
245,318,6
245,319,7
245,320,12
245,321,9
245,322,16
245,323,3
245,324,3
245,325,3
245,326,3
245,327,3
245,328,5
245,329,3
245,331,3
245,332,3
245,334,2
245,335,7
245,336,3
245,337,3
245,338,22
245,285,7
245,286,25
245,291,5
245,293,1
245,294,7
245,295,27
245,296,7
245,339,3
245,340,9
245,341,3
245,342,4
245,343,6
245,344,3
245,346,9
245,347,11
245,348,4
245,349,3
245,350,5
245,351,38
245,352,3
245,353,3
245,354,3
245,355,4
245,356,3
245,395,2
245,407,2
245,412,18
245,227,3
245,228,2
245,604,28
245,606,4
245,607,1
245,609,2
245,611,6
245,612,4
245,615,49
246,245,1
246,407,2
246,408,2
247,248,8
247,607,4
249,279,3
249,280,14
249,315,2
249,319,6
249,285,4
249,286,5
249,290,3
249,293,3
250,256,6
251,256,1
258,250,5
258,272,2
258,273,2
259,250,2
259,272,1
259,273,2
260,243,15
260,258,2
260,259,2
260,261,2
260,255,7
260,264,4
260,267,2
260,268,8
260,269,6
260,270,2
260,272,7
260,257,9
260,476,2
261,250,17
261,272,1
261,273,2
823,255,4
823,257,4
255,253,7
262,250,221
262,272,442
263,243,3
263,250,6
263,266,4
263,268,2
263,271,6
263,272,1
264,250,15
264,253,5
264,255,4
264,272,2
264,273,1
265,250,6
265,272,2
265,273,1
266,250,2
266,272,1
266,273,1
267,250,2
267,272,1
267,273,1
268,250,2
268,271,7
268,272,1
269,250,16
269,271,34
269,272,1
270,250,182
270,272,34
270,273,1
271,243,2
271,250,95
271,272,227
272,250,219
273,250,219
273,272,1
257,255,3
274,275,6
274,276,1
274,280,5
275,276,1
275,280,3
275,315,7
276,288,1
277,274,2
277,275,4
277,276,4
277,278,8
277,305,4
277,315,8
277,316,1
277,285,3
277,291,2
277,295,5
277,296,3
277,339,6
277,342,8
277,345,4
277,347,4
277,348,4
277,349,6
277,350,4
277,351,2
277,352,6
277,353,4
277,354,4
277,356,4
278,274,2
278,275,4
278,276,8
278,280,3
278,281,17
278,283,1
278,315,5
278,285,2
278,287,1
278,291,3
278,296,4
278,339,2
278,340,2
278,341,2
278,342,2
278,343,2
278,344,2
278,345,2
278,347,2
278,348,2
278,349,2
278,350,2
278,351,7
278,352,2
278,353,2
278,354,2
278,355,2
278,356,2
278,400,1
278,425,3
278,410,1
278,412,3
278,611,3
279,280,137
279,481,1
279,692,1
279,693,2
280,50,1
280,274,11
280,276,6
280,279,9
280,282,5
280,283,7
280,307,3
280,315,7
280,335,15
280,285,19
280,286,3
280,287,5
280,291,70
280,293,9
280,294,5
280,295,16
280,296,21
280,340,13
280,351,8
280,397,5
280,227,7
280,665,6
280,670,4
280,692,1
280,693,2
281,276,52
281,300,1
281,301,3
281,302,1
281,303,3
281,304,2
281,305,8
281,306,2
281,307,1
281,308,2
281,309,1
281,310,1
281,311,2
281,312,1
281,313,1
281,315,3
281,317,1
281,318,3
281,319,3
281,320,3
281,321,2
281,322,4
281,323,3
281,325,1
281,326,2
281,327,2
281,328,5
281,329,3
281,330,1
281,331,5
281,332,2
281,333,2
281,334,4
281,335,2
281,336,2
281,337,2
281,338,1
281,288,1
281,339,3
281,340,2
281,341,1
281,342,6
281,343,5
281,344,1
281,345,3
281,347,2
281,348,3
281,349,4
281,350,2
281,351,2
281,352,4
281,353,3
281,354,2
281,355,4
281,356,3
281,376,2
282,47,5
282,276,2
282,280,23
282,294,8
282,398,5
282,400,1
282,425,3
282,410,1
282,412,9
282,611,3
283,279,1
283,280,2
283,311,5
283,315,2
283,291,4
283,295,2
283,347,4
283,351,4
283,298,4
284,279,1
284,280,2
284,315,2
284,391,1
299,275,6
299,276,1
299,310,3
299,315,2
299,288,2
300,276,1
300,315,10
300,316,1
300,335,8
300,338,2
300,288,3
300,295,4
301,276,2
301,280,10
301,315,12
301,316,1
301,288,3
302,276,1
302,315,5
302,316,3
302,328,8
302,288,3
303,276,5
303,280,2
303,315,13
303,316,3
303,338,7
303,288,3
303,391,2
303,612,10
303,615,4
304,276,2
304,280,2
304,315,7
304,316,2
304,288,3
305,276,2
305,279,2
305,315,7
305,316,2
305,288,3
306,276,2
306,280,6
306,315,12
306,316,2
306,288,3
307,280,4
307,315,5
307,316,1
307,288,3
308,279,2
308,315,3
308,316,1
308,288,3
308,295,4
308,351,4
308,298,4
308,485,2
309,276,2
309,315,4
309,316,1
309,319,4
309,288,3
309,298,6
310,279,2
310,315,3
310,316,1
310,288,3
311,276,2
311,280,5
311,315,13
311,316,2
311,335,3
311,288,3
312,276,1
312,300,1
312,303,13
312,315,10
312,316,3
312,335,4
312,338,4
312,288,3
312,227,5
312,612,3
313,276,2
313,305,4
313,315,5
313,316,3
313,334,4
313,288,3
314,315,2
314,316,1
314,288,2
315,276,2
315,279,2
315,280,4
315,316,3
316,315,2
317,280,3
317,315,3
317,316,1
317,285,9
317,288,3
318,276,1
318,279,3
318,310,7
318,315,11
318,316,1
318,288,3
319,276,2
319,279,2
319,315,9
319,316,1
319,288,3
320,276,1
320,315,9
320,316,3
320,288,3
321,276,5
321,279,2
321,315,7
321,316,1
321,320,10
321,288,3
322,71,3
322,276,4
322,279,2
322,310,6
322,315,18
322,316,4
322,335,2
322,288,3
323,36,1
323,276,3
323,279,2
323,280,2
323,315,10
323,316,3
323,338,2
323,288,3
324,276,1
324,315,3
324,316,1
324,321,3
325,276,1
325,305,3
325,315,3
325,316,2
325,288,3
326,276,2
326,280,2
326,315,8
326,316,2
326,288,3
326,612,5
327,276,2
327,280,2
327,315,8
327,316,2
327,288,3
327,612,5
328,276,2
328,310,6
328,315,12
328,316,1
328,288,3
329,276,3
329,315,9
329,316,3
329,288,3
330,276,1
330,279,2
330,315,7
330,316,2
330,288,3
331,276,2
331,280,2
331,315,7
331,316,2
331,288,3
332,276,2
332,280,2
332,315,7
332,316,2
332,288,3
333,71,4
333,276,2
333,280,7
333,315,6
333,316,2
333,288,3
334,276,3
334,279,2
334,280,2
334,305,5
334,315,9
334,316,4
334,288,3
335,276,2
335,315,15
335,316,1
335,288,3
336,276,2
336,280,2
336,315,7
336,316,2
336,288,3
337,276,2
337,280,2
337,315,7
337,316,2
337,288,3
338,279,6
338,280,6
338,315,5
338,316,1
338,288,3
338,391,11
285,274,2
285,279,4
285,280,11
285,315,7
285,391,1
286,276,1
286,280,13
287,280,1
287,283,1
287,285,1
287,291,1
287,296,1
288,300,1
288,301,1
288,302,1
288,303,1
288,304,1
288,305,1
288,306,1
288,307,1
288,308,1
288,309,1
288,310,1
288,311,1
288,312,1
288,313,1
288,317,1
288,318,1
288,319,1
288,320,1
288,321,1
288,322,1
288,323,1
288,325,1
288,326,1
288,327,1
288,328,1
288,329,1
288,330,1
288,331,1
288,332,1
288,333,1
288,334,1
288,335,1
288,336,1
288,337,1
288,338,1
288,339,1
288,340,1
288,341,1
288,342,1
288,343,1
288,344,1
288,345,1
288,347,1
288,348,1
288,349,1
288,350,1
288,352,1
288,353,1
288,354,1
288,355,1
288,356,1
288,376,2
289,274,1
289,280,6
290,279,1
290,280,10
290,285,1
290,293,2
291,274,1
291,279,3
291,280,9
291,286,3
291,295,9
291,340,4
291,351,8
291,298,11
292,78,1
292,274,3
292,275,4
292,276,1
292,279,1
292,280,9
292,307,4
292,315,4
292,319,4
292,322,2
292,328,2
292,291,2
292,295,2
292,340,6
292,347,3
292,397,2
292,412,2
292,665,2
292,670,3
293,279,1
293,280,5
294,33,1
294,276,1
294,279,7
294,280,32
294,282,6
294,300,5
294,307,5
294,322,5
294,338,7
294,288,1
294,289,2
294,291,10
294,295,8
294,340,10
294,347,5
294,351,3
294,398,1
294,412,5
294,485,1
295,274,1
295,279,1
295,280,7
295,315,4
295,391,1
296,274,1
296,280,5
296,315,3
296,285,13
296,351,11
296,391,1
339,305,6
339,310,2
339,315,5
339,288,3
339,351,1
340,276,1
340,288,3
340,351,5
340,298,8
341,288,3
341,351,1
342,315,5
342,288,3
342,351,4
343,280,2
343,288,3
343,295,5
343,351,5
344,288,3
344,351,1
345,305,5
345,288,3
345,351,4
346,288,2
346,351,1
347,315,5
347,288,3
347,351,1
348,279,2
348,280,2
348,315,5
348,288,3
348,295,8
348,351,4
348,298,4
349,305,5
349,288,3
349,351,9
350,276,1
350,310,2
350,315,5
350,288,3
350,347,2
350,351,3
351,276,2
352,315,7
352,288,3
352,342,3
352,346,1
352,351,6
353,315,5
353,288,3
353,351,5
354,315,5
354,288,3
354,351,1
355,288,3
355,343,3
355,351,9
356,305,5
356,288,3
356,351,4
391,280,2
391,315,2
298,280,3
298,391,12
357,36,13
357,364,1
357,368,7
357,370,7
358,51,2
358,88,3
358,359,7
358,364,10
358,365,9
358,368,1
358,370,1
360,65,2
360,72,2
360,77,2
360,89,4
360,359,3
360,365,3
360,366,3
360,371,7
360,485,8
361,36,7
361,368,1
362,36,12
362,51,2
362,89,5
362,357,2
362,360,14
362,361,2
362,364,1
362,367,3
362,368,2
362,370,1
362,371,3
363,36,3
363,357,4
363,361,3
363,364,1
363,368,2
363,370,2
363,371,1
363,485,2
364,36,7
364,359,1
364,368,2
364,370,2
365,76,5
365,357,4
365,364,1
365,368,3
365,370,3
365,371,1
365,485,7
366,370,1
366,485,2
367,357,2
367,360,9
369,357,7
369,361,8
369,364,1
369,368,2
369,370,3
369,371,1
371,364,1
371,368,1
371,370,1
372,33,3
372,47,7
372,54,2
372,90,3
372,373,4
372,398,5
372,485,3
373,36,5
373,54,11
373,485,2
374,275,17
374,276,4
374,279,12
374,280,42
374,299,5
374,307,1
374,308,1
374,310,7
374,315,10
374,319,10
374,328,5
374,291,8
374,350,4
374,400,4
374,425,3
374,412,3
374,611,3
374,692,1
374,693,2
375,53,3
375,274,8
375,275,27
375,276,57
375,278,6
375,279,109
375,280,180
375,282,3
375,283,12
375,299,6
375,300,26
375,301,8
375,302,1
375,303,83
375,304,2
375,305,28
375,306,26
375,307,33
375,308,12
375,309,6
375,310,55
375,311,18
375,312,6
375,313,1
375,314,3
375,315,131
375,316,3
375,317,43
375,318,4
375,319,18
375,320,5
375,321,2
375,322,37
375,323,3
375,325,1
375,326,8
375,327,8
375,328,41
375,329,4
375,330,2
375,331,6
375,332,2
375,333,5
375,334,5
375,335,59
375,336,2
375,337,2
375,338,63
375,285,55
375,286,2
375,290,8
375,291,52
375,295,61
375,296,2
375,339,3
375,340,12
375,341,2
375,342,6
375,343,5
375,344,2
375,345,3
375,347,5
375,348,11
375,349,4
375,350,9
375,351,17
375,352,4
375,353,3
375,354,5
375,355,5
375,356,3
375,391,8
375,298,10
375,376,8
375,377,122
375,378,11
375,379,12
375,381,4
375,383,88
375,384,3
375,387,5
375,388,86
375,389,44
375,391,18
375,393,1
375,398,3
375,412,2
375,227,11
375,504,1
375,488,2
375,496,1
375,586,1
375,605,1
375,610,3
375,612,10
375,615,73
376,315,3
376,316,2
376,288,3
377,279,54
377,280,72
377,285,5
377,286,32
377,291,4
377,295,6
377,382,6
377,391,17
377,440,1
377,451,2
377,586,1
379,276,4
379,288,2
379,351,2
379,378,1
379,381,4
380,274,5
380,278,25
380,279,2
380,280,56
380,281,2
380,303,5
380,311,2
380,315,1
380,320,2
380,285,7
380,291,46
380,295,15
380,343,3
380,400,1
380,410,1
380,412,4
380,612,1
380,615,2
381,278,2
381,379,1
381,412,2
383,279,5
383,280,6
383,295,8
383,391,7
383,298,9
383,377,7
383,391,36
383,227,11
384,53,3
384,274,1
384,276,2
384,279,1
384,280,14
384,282,2
384,283,1
384,285,4
384,291,10
384,295,2
384,296,1
384,377,7
384,381,4
384,387,3
385,274,6
385,276,1
385,278,2
385,279,6
385,280,30
385,281,3
385,283,7
385,300,10
385,301,2
385,303,16
385,305,4
385,307,6
385,310,10
385,311,6
385,312,4
385,315,2
385,317,24
385,319,3
385,322,31
385,331,2
385,335,5
385,338,28
385,285,19
385,291,33
385,295,20
385,340,39
385,346,2
385,347,18
385,349,4
385,350,10
385,351,2
385,396,3
385,412,4
385,612,11
385,615,6
386,274,3
386,275,14
386,276,3
386,280,6
386,283,1
386,285,1
386,286,1
386,287,1
386,291,12
386,295,1
386,296,1
386,350,5
386,374,11
386,398,3
386,400,10
386,425,3
386,410,6
386,412,3
386,611,3
387,279,2
387,280,6
387,282,4
387,291,3
388,382,2
389,388,15
390,276,2
390,610,3
391,279,2
391,280,6
392,276,7
392,278,13
392,279,2
392,280,13
392,281,3
392,284,11
392,300,2
392,303,2
392,308,5
392,310,3
392,311,2
392,312,3
392,315,3
392,317,2
392,322,4
392,328,6
392,335,1
392,338,12
392,285,5
392,291,18
392,295,16
392,296,8
392,340,3
392,343,3
392,348,5
392,391,30
392,298,55
392,412,4
392,227,3
393,47,5
393,50,1
393,51,1
393,65,1
393,274,12
393,276,6
393,279,30
393,280,116
393,281,4
393,283,11
393,300,6
393,303,2
393,308,5
393,310,12
393,311,13
393,315,3
393,317,2
393,322,7
393,335,3
393,338,13
393,285,35
393,286,9
393,287,1
393,290,2
393,291,99
393,295,74
393,296,18
393,340,30
393,343,3
393,346,2
393,347,21
393,349,8
393,350,18
393,351,23
393,353,6
393,354,2
393,355,8
393,298,8
393,376,1
393,377,27
393,378,9
393,379,20
393,394,2
393,444,1
393,610,13
393,612,2
393,615,2
394,274,1
394,276,2
394,281,9
394,303,2
394,315,2
394,317,4
394,319,3
394,320,2
394,322,2
394,328,2
394,338,3
394,295,1
394,348,3
394,393,2
394,610,11
395,53,4
395,409,2
395,410,4
396,47,6
396,53,4
396,276,4
396,278,2
396,280,43
396,282,13
396,294,19
396,375,2
396,380,4
396,381,2
396,385,4
396,386,4
396,387,7
396,392,4
396,393,3
396,395,26
396,398,7
396,400,13
396,401,4
396,416,3
396,418,2
396,404,3
396,421,3
396,423,2
396,424,5
396,405,4
396,406,4
396,409,19
396,410,67
396,411,4
396,412,43
396,413,4
396,227,15
396,611,3
396,620,9
396,667,2
397,409,9
398,399,8
398,417,2
398,426,9
398,408,4
399,229,2
400,395,7
400,398,8
400,403,2
400,421,6
400,422,3
400,423,15
400,425,11
400,426,11
400,405,2
400,412,5
400,228,1
400,605,4
400,611,4
401,278,6
401,280,32
401,286,13
401,412,3
414,398,3
414,418,2
414,403,3
415,398,3
415,414,3
416,398,3
416,414,3
418,402,2
418,403,2
419,398,2
419,414,2
420,398,3
420,414,3
403,402,5
404,278,15
404,341,8
404,344,8
404,345,2
404,348,2
404,351,4
404,352,2
404,356,2
404,412,3
421,403,2
421,423,1
421,410,4
422,403,2
422,424,7
422,412,9
422,605,6
423,403,2
423,424,4
423,425,2
423,410,3
423,412,2
423,611,2
424,403,2
424,423,1
424,410,4
424,412,4
425,403,2
425,423,1
425,412,6
425,611,8
426,403,2
426,422,4
426,412,3
426,605,3
405,53,1
405,395,4
405,398,3
405,400,6
405,403,3
405,410,1
406,274,1
406,277,2
406,278,1
406,280,6
406,310,6
406,315,5
406,285,9
406,396,1
406,412,3
407,294,2
407,395,1
407,412,2
407,607,2
407,609,3
408,246,2
408,407,1
410,47,7
410,395,3
410,398,7
410,400,6
410,409,2
411,47,5
411,52,1
411,274,2
411,275,9
411,276,11
411,277,5
411,278,12
411,279,11
411,280,163
411,282,3
411,284,1
411,299,3
411,303,15
411,307,23
411,308,5
411,310,1
411,311,5
411,312,6
411,315,41
411,319,4
411,322,15
411,328,32
411,338,13
411,285,2
411,286,22
411,289,3
411,291,6
411,294,19
411,295,9
411,296,2
411,340,3
411,343,5
411,348,3
411,351,2
411,391,1
411,298,8
411,393,2
411,395,1
411,396,3
411,400,1
411,421,3
411,410,3
411,412,4
411,227,5
411,612,1
411,615,3
412,47,5
412,294,5
412,395,4
412,398,13
412,400,14
412,415,3
412,418,5
412,419,3
412,420,3
412,403,1
412,423,3
412,424,3
412,425,6
412,407,3
412,408,1
412,409,5
412,410,17
412,227,5
412,609,2
412,611,2
412,625,4
413,276,6
413,277,2
413,278,4
413,280,25
413,284,2
413,307,5
413,308,3
413,310,8
413,311,4
413,315,38
413,317,2
413,322,16
413,328,12
413,333,5
413,338,23
413,285,4
413,291,7
413,294,8
413,351,2
413,391,4
413,396,2
413,412,3
427,428,2
427,432,4
427,434,3
427,435,1
427,437,1
427,439,3
428,431,1
431,427,1
431,433,1
431,436,1
431,439,1
432,433,1
432,439,1
433,437,1
434,427,1
434,431,1
434,439,3
435,427,8
435,429,1
436,439,1
437,427,1
437,429,1
437,435,1
438,427,3
438,429,1
438,430,1
438,435,2
439,427,1
228,229,1
440,43,19
440,53,4
440,65,7
440,66,4
440,71,21
440,72,4
440,377,8
440,441,7
440,442,7
440,443,30
440,444,25
440,450,1
440,451,11
440,507,7
440,683,5
440,686,7
440,687,16
441,53,4
441,440,3
441,450,2
441,451,2
441,485,2
441,486,3
442,53,5
442,73,5
442,586,2
443,66,4
443,71,2
443,377,2
443,440,10
443,450,6
443,451,2
443,504,9
443,508,6
443,527,1
443,530,1
443,532,1
443,486,7
443,566,2
444,43,9
444,55,2
444,65,18
444,67,3
444,71,2
444,440,11
444,445,5
444,454,2
444,455,2
444,456,2
444,457,4
444,458,2
444,459,2
444,460,4
444,461,2
444,462,2
444,463,2
444,464,2
444,465,2
444,466,2
444,467,2
444,468,2
444,677,4
444,678,2
444,680,7
444,681,3
444,684,3
444,687,6
444,688,4
445,66,1
445,71,1
445,453,1
445,504,1
445,518,3
446,71,2
446,440,2
446,450,1
446,451,1
447,469,822
448,279,1
448,377,32
448,444,2
448,445,5
448,447,5
448,453,2
449,40,5
449,43,11
449,53,4
449,55,1
449,65,6
449,66,1
449,67,1
449,71,9
449,72,7
449,73,8
449,440,17
449,441,5
449,443,6
449,450,2
449,451,2
449,476,1
449,484,4
449,485,1
449,571,3
449,572,4
449,573,5
449,574,7
449,488,2
449,677,4
449,681,2
450,227,3
450,440,32
450,451,2
450,488,9
450,603,4
451,440,6
451,444,2
451,679,3
451,690,3
451,691,5
454,56,5
454,440,4
454,444,2
454,586,10
455,444,2
455,461,2
456,444,2
456,465,2
457,440,3
457,444,2
458,444,2
458,465,2
459,440,4
459,443,3
459,444,2
459,450,1
459,451,1
460,440,3
460,444,2
461,444,2
461,465,2
462,444,2
462,465,2
463,444,2
463,465,2
464,444,2
464,465,2
465,440,4
465,444,2
466,440,4
466,444,2
467,444,2
467,465,2
468,56,2
468,440,3
468,444,2
468,451,2
503,50,12
503,65,2
503,66,5
503,73,2
503,440,4
503,442,5
503,450,3
503,469,17
503,504,20
503,505,15
503,509,2
503,514,2
503,515,2
503,516,2
503,517,2
503,523,2
503,525,4
503,528,4
503,482,4
503,485,2
503,603,2
504,50,7
504,505,1
505,49,3
505,50,7
505,65,6
505,66,18
505,440,1
505,444,6
505,503,5
505,504,33
505,519,2
505,522,4
505,524,4
505,526,4
505,529,2
505,531,2
505,485,5
505,491,2
506,66,2
506,71,3
506,504,2
507,445,3
508,71,1
508,377,15
508,440,10
508,443,38
508,445,6
508,448,5
508,450,3
508,507,3
508,518,1
509,65,2
509,72,1
509,503,4
509,504,2
509,485,2
510,65,2
510,72,2
510,504,1
510,505,1
510,520,4
511,65,2
511,71,4
511,72,3
511,504,1
511,505,1
511,520,3
511,521,5
511,488,4
512,66,8
512,72,4
512,441,11
512,450,1
512,503,2
512,504,5
512,505,4
512,520,7
512,488,6
513,50,1
513,503,2
513,505,1
513,485,1
513,496,1
514,50,12
514,53,3
514,65,3
514,442,3
514,503,7
514,504,5
514,482,5
515,50,13
515,65,3
515,73,6
515,503,6
515,504,5
515,482,5
516,53,3
516,65,3
516,72,1
516,442,3
516,503,4
516,504,3
516,482,2
517,50,4
517,65,3
517,72,1
517,73,5
517,503,4
517,504,3
517,482,3
518,453,13
519,65,2
519,72,2
519,504,1
519,505,1
519,520,4
520,65,3
520,503,2
520,504,1
521,65,2
521,71,3
521,504,1
521,520,2
522,65,1
522,72,1
522,444,4
522,503,3
522,504,1
522,505,1
522,476,1
522,485,2
523,50,3
523,503,5
523,504,3
524,49,2
524,50,6
524,503,4
524,504,1
524,505,1
524,485,3
525,50,7
525,65,3
525,72,1
525,503,5
525,504,3
526,50,9
526,65,2
526,72,2
526,76,9
526,503,6
526,504,1
526,505,2
526,520,5
526,569,3
527,50,20
527,66,10
527,71,11
527,443,8
527,450,4
527,503,10
527,504,12
527,505,2
527,520,6
527,521,15
527,486,19
527,488,9
528,65,1
528,503,4
528,504,2
528,485,3
529,65,2
529,72,2
529,503,1
529,504,1
529,505,1
529,520,4
530,66,13
530,71,14
530,72,6
530,443,6
530,450,4
530,503,5
530,504,12
530,505,1
530,506,3
530,520,7
530,521,15
530,486,19
530,488,9
530,491,7
531,65,2
531,72,4
531,503,2
531,504,1
531,505,2
531,520,6
532,66,18
532,71,8
532,72,6
532,443,3
532,450,1
532,503,2
532,504,5
532,505,2
532,520,12
532,521,11
532,488,8
470,36,5
472,36,5
472,471,3
473,36,4
473,471,4
473,476,1
474,36,18
475,440,5
475,490,2
476,29,5
476,36,275
476,40,20
476,41,4
476,42,7
476,43,32
476,50,8
476,53,81
476,55,6
476,56,4
476,61,28
476,65,24
476,67,10
476,72,7
476,73,3
476,77,6
476,82,9
476,85,8
476,87,30
476,94,7
476,96,4
476,99,11
476,121,4
476,172,5
476,173,8
476,178,4
476,194,4
476,196,4
476,444,5
476,449,1
476,472,2
476,473,2
476,477,54
476,533,3
476,535,4
476,536,3
476,537,4
476,480,2
476,481,1
476,482,3
476,484,8
476,485,54
476,487,8
476,564,5
476,570,2
476,494,1
476,495,8
476,496,2
476,500,3
476,586,55
476,588,8
476,591,14
476,502,4
476,623,1
477,42,3
477,61,5
477,485,1
477,586,4
478,36,9
478,494,1
478,586,2
479,490,2
538,450,1
538,539,2
539,440,4
539,451,2
539,506,2
540,539,1
541,66,3
541,71,3
541,440,3
541,451,2
541,503,1
541,504,4
541,530,5
541,538,1
541,539,2
542,66,3
542,71,3
542,440,6
542,450,1
542,451,3
542,503,1
542,504,4
542,530,7
542,539,4
542,540,1
543,66,3
543,71,3
543,440,3
543,451,2
543,503,1
543,504,4
543,530,5
543,538,1
543,539,2
544,66,3
544,71,3
544,440,6
544,450,1
544,451,3
544,503,1
544,504,4
544,530,7
544,539,4
544,540,1
545,66,3
545,71,3
545,440,3
545,451,2
545,503,1
545,504,4
545,530,5
545,538,1
545,539,2
546,66,3
546,71,3
546,440,6
546,450,1
546,451,3
546,503,1
546,504,4
546,530,7
546,539,4
546,540,1
547,66,3
547,71,3
547,440,3
547,451,2
547,503,1
547,504,4
547,530,5
547,538,1
547,539,2
548,66,3
548,71,3
548,440,6
548,450,1
548,451,3
548,503,1
548,504,4
548,530,7
548,539,4
548,540,1
549,66,3
549,71,3
549,440,3
549,451,2
549,503,1
549,504,4
549,530,5
549,538,1
549,539,2
550,66,3
550,71,3
550,440,6
550,450,1
550,451,3
550,503,1
550,504,4
550,530,7
550,539,4
550,540,1
551,66,3
551,71,3
551,440,3
551,451,2
551,503,1
551,504,4
551,530,5
551,538,1
551,539,2
552,66,3
552,71,3
552,440,6
552,450,1
552,451,3
552,503,1
552,504,4
552,530,7
552,539,4
552,540,1
553,66,3
553,71,3
553,440,3
553,451,2
553,503,1
553,504,4
553,530,5
553,538,1
553,539,2
554,66,3
554,71,3
554,440,6
554,450,1
554,451,3
554,503,1
554,504,4
554,530,7
554,539,4
554,540,1
555,66,3
555,71,3
555,440,3
555,451,2
555,503,1
555,504,4
555,530,5
555,538,1
555,539,2
556,66,3
556,71,3
556,440,6
556,450,1
556,451,3
556,503,1
556,504,4
556,530,5
556,539,3
556,540,1
557,66,3
557,71,3
557,440,3
557,451,2
557,503,1
557,504,4
557,530,5
557,538,1
557,539,2
558,66,3
558,71,3
558,440,6
558,450,1
558,451,3
558,503,1
558,504,4
558,530,7
558,539,4
558,540,1
533,66,15
533,71,15
533,503,12
533,504,16
533,530,12
533,534,29
533,591,7
534,66,2
534,71,2
534,440,6
534,450,1
534,451,2
534,504,2
534,506,2
534,530,3
534,591,3
535,66,19
535,71,19
535,503,16
535,504,20
535,530,16
535,534,37
535,591,5
536,66,19
536,71,19
536,503,16
536,504,20
536,530,16
536,534,37
536,591,5
537,66,18
537,71,18
537,503,16
537,504,19
537,530,16
537,534,36
537,591,5
482,36,7
482,71,1
482,440,6
482,443,6
482,450,1
482,451,2
482,574,3
483,56,3
484,40,19
484,43,14
484,50,5
484,64,1
484,65,7
484,71,2
484,72,5
484,476,2
484,485,2
485,33,5
485,36,1
485,49,1
485,50,30
485,51,1
485,53,2
485,55,3
485,56,1
485,65,8
485,67,14
485,72,18
485,76,4
485,77,1
485,87,4
485,90,8
485,94,4
485,95,2
485,98,3
485,99,4
485,223,2
485,476,2
485,564,7
485,569,2
485,489,2
485,491,3
485,494,1
485,496,1
485,586,2
485,601,4
486,53,4
487,36,3
487,65,4
487,485,1
559,36,22
559,43,3
559,50,16
559,51,1
559,53,2
559,64,1
559,65,12
559,66,38
559,67,3
559,71,24
559,72,1
559,73,2
559,76,9
559,77,1
559,440,10
559,442,7
559,443,3
559,450,10
559,504,7
559,526,5
559,485,4
559,582,2
559,488,8
559,603,4
559,683,15
560,36,19
560,38,2
560,65,1
560,71,7
560,440,8
560,443,12
560,450,3
560,451,5
560,481,2
560,485,2
560,489,5
561,36,10
561,38,2
561,71,3
561,440,3
561,451,2
564,53,2
564,65,12
564,67,11
564,68,5
564,69,8
564,71,3
564,72,1
564,440,6
564,443,3
564,444,18
564,450,1
564,451,1
564,476,2
564,478,1
564,574,3
564,576,3
564,683,12
564,692,1
564,693,2
565,71,51
565,440,24
565,446,2
565,450,2
565,560,1
565,561,1
565,572,1
565,574,1
565,575,2
565,576,1
565,679,5
565,683,44
565,689,10
567,53,3
567,71,8
567,440,1
567,441,5
567,450,2
567,683,5
568,76,3
569,76,1
569,568,2
570,77,3
571,55,1
571,65,1
571,67,1
571,280,1
571,476,2
571,485,2
571,577,2
572,71,8
572,440,2
572,449,5
572,450,1
573,64,3
573,71,5
573,73,16
573,440,5
573,449,8
573,450,2
573,451,2
574,443,2
574,575,2
574,578,1
575,440,8
575,443,2
575,450,2
575,578,2
576,443,2
576,575,2
576,578,1
577,40,6
577,65,46
577,71,5
577,72,18
577,73,2
577,280,2
577,485,1
578,71,2
578,440,2
578,443,9
578,450,3
578,486,7
579,493,1
580,488,2
580,490,3
581,36,5
581,64,4
581,71,5
581,73,8
581,440,7
581,450,2
581,451,4
581,677,2
581,681,11
582,71,9
582,440,2
582,450,4
488,36,2
488,53,4
488,56,1
488,71,7
488,440,34
488,450,14
488,451,7
488,485,1
488,489,2
488,603,46
488,683,7
489,36,13
489,485,1
490,479,2
491,51,3
491,72,1
492,485,1
493,76,3
493,440,1
493,443,5
496,36,1
496,42,4
496,49,1
496,50,46
496,53,3
496,55,1
496,61,4
496,65,10
496,67,1
496,72,4
496,76,10
496,77,4
496,82,2
496,98,3
496,476,1
496,485,36
496,568,4
496,569,2
496,570,4
496,491,1
496,586,9
496,598,3
496,601,3
496,603,3
497,33,2
497,89,2
497,90,5
498,485,1
501,150,13
501,151,9
501,152,16
501,154,24
583,591,13
584,583,2
584,591,22
586,36,2
586,53,9
586,56,4
586,451,4
586,476,11
586,485,3
586,486,1
586,487,4
586,489,3
586,494,1
586,588,12
587,591,1
589,583,2
589,591,1
590,583,2
590,591,1
591,583,2
591,584,2
591,587,2
591,589,2
591,590,2
592,71,4
592,440,3
592,450,3
592,485,273
592,574,1
593,601,2
594,601,2
595,601,2
596,601,2
597,601,2
598,50,8
598,65,3
598,603,2
599,601,2
600,601,2
601,65,4
601,72,3
601,603,2
602,601,2
603,50,2
603,65,4
502,99,2
502,476,2
604,280,4
604,294,9
604,412,5
605,227,7
605,609,1
605,612,16
605,615,9
607,612,1
607,613,3
608,228,4
609,227,7
609,605,11
609,612,5
609,615,1
610,53,6
610,276,4
610,611,3
611,228,4
612,227,3
612,605,9
612,609,12
612,615,12
613,611,4
613,612,5
614,612,3
614,613,2
615,227,7
615,605,12
616,395,5
616,396,21
616,398,3
616,410,2
616,412,3
617,71,1
617,377,17
617,440,13
617,443,13
617,450,11
617,451,2
617,476,1
618,53,3
618,395,4
618,229,4
619,396,10
619,398,16
619,399,3
619,485,2
619,618,3
619,649,3
626,476,2
626,635,1
627,476,2
627,634,1
628,476,2
628,635,1
629,144,3
629,147,10
629,148,5
629,427,2
629,435,2
629,438,2
629,630,3
629,635,6
630,438,3
630,629,3
630,631,6
630,632,6
630,634,1
630,635,2
631,427,5
631,429,2
631,435,4
631,438,7
631,629,7
631,630,4
631,634,7
632,243,9
632,258,3
632,259,3
632,255,9
632,268,5
632,269,5
632,272,5
632,257,9
632,438,2
632,476,2
632,630,4
632,637,8
632,644,5
632,647,7
633,634,1
636,427,10
636,428,7
636,431,2
636,432,7
636,434,10
636,435,1
636,438,3
636,439,7
636,645,8
636,646,2
637,250,50
637,253,5
637,255,4
637,272,6
637,273,2
637,428,3
637,432,1
637,636,18
637,638,5
637,639,9
637,640,2
637,641,4
637,643,4
637,645,4
637,646,3
637,648,6
638,428,1
638,640,2
639,238,5
639,429,1
640,427,1
640,431,1
640,436,4
640,439,1
640,642,2
641,432,1
641,439,2
641,642,2
641,648,1
642,433,1
642,646,2
643,427,1
643,434,3
643,439,4
643,636,1
643,640,2
644,427,13
644,435,2
644,639,4
644,646,3
645,436,1
645,439,4
646,427,1
646,435,3
646,437,1
646,639,3
647,427,9
647,429,1
647,435,7
647,438,2
647,636,3
647,639,2
648,427,1
648,439,1
621,622,8
621,623,2
649,47,3
649,280,3
649,282,1
649,294,4
649,387,3
649,395,4
649,396,11
649,398,8
649,409,4
649,410,3
649,411,1
649,412,4
649,650,2
649,651,1
649,653,2
649,654,4
649,656,5
650,276,2
650,351,2
650,396,2
650,411,3
651,398,2
651,652,2
651,653,1
651,654,1
652,47,4
652,396,4
652,398,7
652,400,3
652,421,5
652,424,3
652,410,7
652,476,2
652,653,1
653,396,2
654,398,2
654,653,1
655,47,2
655,280,3
655,387,3
655,395,4
655,396,8
655,398,3
655,409,4
655,410,2
655,411,3
655,412,4
655,650,2
655,656,4
656,274,2
656,279,14
656,280,54
656,283,8
656,300,4
656,310,6
656,311,9
656,315,6
656,335,1
656,285,14
656,286,8
656,289,3
656,291,20
656,294,3
656,295,9
656,340,5
656,347,4
656,351,4
656,393,4
656,411,2
622,145,2
623,622,2
657,658,5
657,662,3
658,660,6
659,657,9
659,658,6
659,662,1
660,51,2
662,657,15
663,36,3
664,185,13
665,276,2
665,412,2
666,47,1
666,274,3
666,275,7
666,278,4
666,280,10
666,400,2
666,424,5
666,410,3
666,412,4
666,671,3
667,47,2
667,274,2
667,275,2
667,276,10
667,278,3
667,280,4
667,387,3
667,395,3
667,396,8
667,397,9
667,400,10
667,424,15
667,426,8
667,409,1
667,410,11
667,412,6
667,665,16
667,666,4
667,670,3
668,275,4
668,276,3
668,277,3
668,278,3
668,280,7
668,281,1
668,307,2
668,312,2
668,315,4
668,328,2
668,338,10
668,285,2
668,291,8
668,295,8
668,340,2
668,397,2
668,400,1
668,425,3
668,410,1
668,412,4
668,611,3
668,665,2
668,670,3
669,274,3
669,275,4
669,276,1
669,279,2
669,280,28
669,300,3
669,303,2
669,310,3
669,315,1
669,317,6
669,322,2
669,328,4
669,335,1
669,338,4
669,285,6
669,291,10
669,295,12
669,296,8
669,347,4
669,350,2
669,393,3
669,397,2
669,412,2
669,612,2
669,615,2
669,665,2
669,670,3
670,397,3
672,58,1
672,274,3
672,275,4
672,276,1
672,279,5
672,280,88
672,283,4
672,303,10
672,305,14
672,310,32
672,311,6
672,312,4
672,315,56
672,317,35
672,321,4
672,322,16
672,328,4
672,333,8
672,335,4
672,338,14
672,285,45
672,291,6
672,295,13
672,296,43
672,340,49
672,346,9
672,347,17
672,349,36
672,350,12
672,351,18
672,397,2
672,412,2
672,476,2
672,612,9
672,615,5
672,665,1
672,670,2
672,685,1
673,274,6
673,275,4
673,276,1
673,279,2
673,280,10
673,300,4
673,303,24
673,305,12
673,310,10
673,311,6
673,312,2
673,315,7
673,317,11
673,322,4
673,338,8
673,285,26
673,295,6
673,340,21
673,347,20
673,349,13
673,350,6
673,353,4
673,397,2
673,412,2
673,612,14
673,665,2
673,670,3
674,80,1
674,274,5
674,275,7
674,276,1
674,277,2
674,278,2
674,280,18
674,307,11
674,310,6
674,311,2
674,315,19
674,319,19
674,322,17
674,338,1
674,285,3
674,291,2
674,397,2
674,412,4
674,665,1
674,670,2
675,22,1
675,92,1
675,274,3
675,275,4
675,276,1
675,279,1
675,280,14
675,283,2
675,300,6
675,303,8
675,305,6
675,307,2
675,310,8
675,311,6
675,315,1
675,317,5
675,285,3
675,291,4
675,295,2
675,340,8
675,346,1
675,349,6
675,350,6
675,353,2
675,354,2
675,397,2
675,425,1
675,412,2
675,488,1
675,611,1
675,612,5
675,615,1
675,665,2
675,670,3
676,678,24
676,688,4
677,678,27
677,688,4
678,688,7
680,677,5
680,678,1
680,684,3
681,677,5
681,678,1
681,684,3
682,679,40
686,688,3
687,684,2
687,688,3
689,679,77
690,676,6
690,678,1
690,684,2
691,679,37
694,275,1
694,279,5
694,280,13
694,282,4
694,291,3
694,295,7
694,692,2
695,274,1
695,275,28
695,279,11
695,280,66
695,282,7
695,307,2
695,310,2
695,315,2
695,319,4
695,328,9
695,286,27
695,291,6
695,350,3
695,227,7
695,692,2
696,47,2
696,53,3
696,485,8
697,42,2
697,61,2
697,65,1
697,477,10
697,485,5
697,586,1
698,47,2
698,53,3
698,485,6
692,275,1
692,280,2
692,282,1
693,694,2
693,692,3
699,54,5
699,398,3
699,701,1
718,36,105
718,51,36
718,72,32
718,719,6
718,720,10
718,721,23
718,722,15
718,723,23
718,724,15
720,36,7
721,50,2
721,65,4
721,72,3
721,485,2
721,720,1
722,36,7
722,51,2
723,49,2
723,50,2
723,65,4
723,72,3
723,485,2
723,719,1
724,51,2
725,47,13
725,182,2
725,280,2
725,395,2
725,396,3
725,412,3
736,849,3
737,849,3
738,33,6
738,54,5
738,181,5
738,198,2
738,199,2
739,47,7
739,90,7
740,54,7
742,849,3
743,849,3
744,849,3
745,54,9
745,849,2
849,182,2
748,26,66
748,54,4
748,71,1
748,73,1
748,85,4
749,30,2
749,99,1
749,146,3
749,147,3
749,148,1
750,82,2
750,87,1
750,763,1
751,82,6
752,90,1
753,56,2
753,65,3
753,72,1
754,36,1
754,42,6
754,87,11
754,182,18
754,763,1
755,82,2
755,87,1
755,763,1
756,33,8
756,54,12
756,182,6
756,398,5
838,56,25
838,182,13
838,485,3
838,753,30
758,82,2
758,87,1
758,763,1
759,61,9
759,87,1
759,763,1
760,82,5
760,87,1
760,763,1
761,65,11
761,71,5
761,72,17
761,182,9
761,485,11
763,36,9
763,82,6
763,87,81
764,82,14
764,87,27
766,849,3
767,849,3
768,33,4
768,47,4
768,48,3
768,90,4
768,395,2
768,489,3
768,849,2
769,91,13
769,182,7
769,485,3
770,82,2
770,87,1
770,763,1
771,98,24
773,776,6
774,776,2
775,48,3
775,109,4
775,182,2
775,395,2
775,776,16
776,33,3
776,47,7
776,48,11
776,90,3
776,182,2
776,485,2
777,182,1
777,776,4
778,111,2
732,734,8
779,144,6
779,146,4
779,147,10
779,148,5
779,395,3
780,147,4
780,148,2
780,149,8
808,50,13
808,849,8
782,36,10
783,36,8
783,782,6
784,785,1
786,174,5
786,395,6
787,50,5
787,180,2
787,182,4
787,784,2
787,849,2
788,485,2
788,789,6
791,215,4
792,223,2
792,221,3
792,849,2
793,50,3
793,220,15
793,849,3
702,794,1
702,796,1
702,797,1
702,798,1
702,799,1
702,800,1
702,813,1
702,815,2
702,816,1
702,817,1
702,818,1
702,819,1
702,825,1
702,826,1
702,873,1
702,875,1
702,852,1
702,853,1
702,854,1
702,873,1
702,875,1
702,876,1
702,878,1
702,880,1
702,883,1
703,748,1
703,765,2
703,778,1
703,779,1
703,780,1
703,808,1
703,786,1
703,787,1
703,791,1
703,793,1
704,775,1
704,777,1
705,718,1
794,182,3
796,53,2
796,182,9
797,801,2
798,801,11
799,182,2
799,250,13
800,182,16
800,253,60
800,255,24
800,257,2
801,182,2
801,255,3
801,257,4
802,243,4
802,255,4
802,262,2
802,269,4
802,270,2
802,272,2
802,257,5
803,182,5
803,260,4
814,250,6
814,253,5
814,255,4
814,272,2
814,273,1
805,243,5
805,244,3
805,255,4
805,269,2
805,272,1
805,257,5
805,814,2
806,810,3
807,810,3
808,810,3
809,182,274
809,810,3
810,243,3
810,255,4
810,269,2
810,272,2
810,257,5
811,54,5
811,90,2
811,182,24
811,810,3
812,294,2
812,396,6
812,409,2
812,412,4
813,279,4
813,280,14
813,290,2
814,274,2
814,275,2
814,276,7
814,278,7
814,280,15
814,281,35
814,283,1
814,300,2
814,301,3
814,302,2
814,303,3
814,304,2
814,305,2
814,306,2
814,307,2
814,308,2
814,309,2
814,310,2
814,311,2
814,312,2
814,313,2
814,315,4
814,317,2
814,318,2
814,319,2
814,320,2
814,321,2
814,322,2
814,323,2
814,325,2
814,326,2
814,327,2
814,328,2
814,329,2
814,330,2
814,331,2
814,332,2
814,333,2
814,334,2
814,335,2
814,336,2
814,337,2
814,338,2
814,285,3
814,286,6
814,289,2
814,291,9
814,294,8
814,295,5
814,296,1
814,340,1
814,351,3
814,412,2
814,812,2
815,814,2
816,278,5
816,280,3
816,322,4
816,294,6
816,409,4
816,412,2
816,812,4
817,279,2
817,280,6
817,338,1
817,291,17
817,295,4
817,340,9
818,182,3
818,280,3
818,294,3
818,340,1
818,877,3
819,279,9
819,280,11
819,284,6
819,338,54
819,295,6
823,47,5
823,53,1
823,395,2
823,824,4
824,33,5
824,90,5
824,822,2
825,476,2
826,372,3
827,182,6
827,279,2
827,280,1
827,377,2
828,182,7
828,393,5
829,182,1
829,279,20
829,280,42
829,291,27
829,295,17
829,380,8
829,400,6
829,423,1
829,410,6
829,412,3
829,849,1
830,50,3
830,849,2
831,858,1
832,443,2
832,493,2
833,182,2
834,47,9
834,278,2
834,280,2
834,282,4
834,375,4
834,381,2
834,387,4
834,396,3
834,398,3
834,412,2
835,279,12
835,280,19
835,283,6
835,338,13
835,291,6
835,295,15
835,340,7
835,348,4
835,351,3
835,485,4
835,486,4
835,849,9
836,50,5
836,182,2
836,849,2
837,47,1
837,50,5
837,65,2
837,72,1
837,849,2
838,279,3
838,280,6
838,303,2
838,305,2
838,310,8
838,312,6
838,318,6
838,322,5
838,338,15
838,291,3
838,295,2
838,339,3
838,340,9
838,347,9
838,485,2
838,486,2
838,612,5
838,849,2
839,279,6
839,280,8
839,283,2
839,303,5
839,305,4
839,310,9
839,317,5
839,285,4
839,291,2
839,295,1
839,296,4
839,347,3
839,349,4
839,351,3
839,485,2
839,612,3
839,849,5
840,65,4
840,485,2
841,54,5
841,849,1
842,182,2
842,279,4
842,280,14
842,283,2
842,310,5
842,291,10
842,295,5
842,340,3
842,350,5
842,351,4
842,485,3
842,849,2
873,279,14
873,280,15
873,296,5
873,849,15
873,858,1
844,443,4
845,50,43
845,849,22
846,50,22
846,849,11
847,50,15
847,849,8
849,33,4
849,47,8
849,48,8
849,50,3
849,90,4
849,182,11
849,280,6
849,282,4
849,315,2
849,317,3
849,322,3
849,285,2
849,294,4
849,347,4
849,398,3
849,485,3
875,279,4
875,280,7
875,283,2
875,310,30
875,312,2
875,315,1
875,319,9
875,321,6
875,335,6
875,338,6
875,291,2
875,295,3
875,296,2
875,340,6
875,347,3
875,348,3
875,351,2
875,485,2
875,486,2
875,612,2
875,849,3
851,276,3
851,394,2
851,610,2
852,47,3
852,398,6
853,182,39
853,398,138
853,426,9
853,408,2
854,425,2
854,412,3
854,611,6
856,452,3
857,36,3
857,182,23
857,476,46
857,496,1
859,485,1
860,56,4
860,182,3
860,485,2
860,486,1
860,858,6
861,36,2
861,182,4
861,485,2
862,53,4
862,56,6
862,61,3
862,182,37
862,485,4
862,486,1
862,586,2
862,858,2
863,33,7
863,47,5
863,48,4
863,90,7
863,485,2
864,53,5
864,56,5
864,182,5
864,485,4
864,496,4
864,586,4
867,47,8
867,182,4
867,865,4
867,866,12
868,488,1
869,36,2
869,50,3
869,51,3
869,53,4
869,182,2
869,871,6
870,479,10
870,580,7
870,490,8
871,36,3
871,51,3
872,443,2
872,485,1
872,574,9
873,76,2
873,209,13
873,476,1
873,485,14
873,858,15
874,47,4
875,182,7
875,485,5
877,182,2
877,294,2
877,412,6
876,182,2
878,182,2
878,398,6
878,616,4
879,54,5
880,182,2
880,398,7
880,619,4
883,182,3
883,427,5
883,429,2
883,434,3
883,438,4
883,628,4
883,630,45
883,633,54
882,71,3
882,564,5
882,683,1
706,169,2
707,169,2
708,169,2
709,169,2
710,169,2
711,169,2
712,702,1
713,703,1
714,704,1
715,169,2
715,705,1
716,169,2
