2,5,4
3,1,2
4,1,1
4,5,4
5,1,2
6,1,3
86,87,4
86,429,1
86,463,1
87,7,3
87,464,3
89,612,4
89,158,1
89,213,3
89,270,2
89,388,2
90,101,1
90,612,10
90,158,1
90,213,3
90,270,2
90,388,2
91,612,10
91,158,1
91,213,3
91,270,2
91,388,2
92,94,3
92,103,3
92,145,8
92,612,4
92,158,1
92,213,3
92,270,2
92,388,2
92,427,6
93,612,10
93,158,1
93,213,3
93,270,2
93,388,2
94,612,4
94,158,1
94,208,2
94,213,2
94,270,2
94,388,2
95,145,3
95,612,1
95,158,2
95,207,2
95,213,3
95,270,2
95,388,3
96,612,5
96,158,1
96,206,2
96,388,2
96,427,3
97,95,6
97,139,1
97,612,11
97,158,1
97,208,2
97,213,3
97,270,2
97,388,2
98,612,4
98,158,1
98,213,3
98,270,2
98,388,2
99,612,7
99,158,1
99,213,3
99,270,2
99,388,2
100,612,4
100,158,1
100,207,2
100,213,3
100,270,2
100,388,2
101,612,2
102,612,2
103,612,4
103,158,1
103,208,2
103,213,3
103,270,2
103,388,2
104,145,2
104,158,1
104,213,3
104,270,2
104,388,2
105,612,10
105,158,1
105,213,3
105,270,2
105,388,2
106,612,8
106,158,2
106,213,3
106,270,2
106,388,3
107,95,3
107,102,1
107,139,1
107,612,17
107,158,1
107,208,2
107,213,3
107,270,2
107,388,3
107,435,6
107,436,3
108,612,10
108,158,1
108,213,3
108,270,2
108,388,2
109,114,3
109,143,1
109,612,10
109,158,1
109,213,3
109,270,2
109,388,2
109,424,4
110,96,4
110,612,3
110,158,1
110,208,2
110,213,3
110,270,2
110,388,2
111,96,4
111,612,3
111,158,1
111,208,2
111,213,3
111,270,2
111,388,2
112,612,4
112,158,1
112,208,2
112,213,3
112,270,2
112,388,2
113,114,3
113,612,5
113,158,1
113,208,2
113,213,3
113,270,2
113,388,2
114,612,5
114,158,2
114,208,2
114,213,3
114,270,2
114,388,3
115,612,4
115,158,1
115,213,2
115,270,2
115,388,2
116,96,4
116,612,5
116,158,1
116,208,5
116,213,3
116,270,2
116,388,2
117,612,4
117,158,1
117,208,2
117,213,3
117,270,2
117,388,2
118,96,4
118,612,3
118,158,1
118,208,2
118,213,3
118,270,2
118,388,2
119,612,7
119,158,1
119,213,3
119,270,2
119,388,2
120,92,1
120,94,2
120,151,6
120,612,3
120,158,1
120,208,2
120,213,3
120,270,2
120,388,2
120,424,2
120,464,4
121,92,1
121,94,2
121,151,6
121,612,6
121,158,1
121,208,2
121,213,3
121,270,2
121,388,2
121,424,2
122,612,10
122,158,1
122,213,3
122,270,2
122,388,2
123,124,1
123,145,3
123,158,1
123,207,2
123,213,3
123,270,2
123,388,4
123,68,4
124,145,2
124,158,1
124,207,2
124,213,3
124,270,2
124,388,2
125,124,1
125,145,4
125,158,2
125,213,3
125,270,2
125,388,3
126,612,4
126,158,1
126,208,2
126,213,3
126,270,2
126,388,2
127,124,1
127,145,4
127,158,2
127,207,2
127,213,3
127,270,2
127,388,3
128,612,10
128,158,1
128,213,3
128,270,2
128,388,2
129,612,7
129,158,1
129,213,3
129,270,2
129,388,2
196,202,2
196,429,3
196,467,7
196,435,51
196,463,3
197,115,3
197,205,3
197,388,4
198,21,10
198,60,3
198,467,8
200,198,4
200,199,33
200,350,4
200,353,3
200,381,3
200,16,3
200,417,3
200,424,4
200,19,14
200,21,3
200,39,24
200,55,6
200,61,4
200,71,3
200,429,3
200,467,27
200,436,3
200,444,3
200,456,6
200,463,10
200,464,6
201,198,11
201,200,2
201,394,1
201,417,3
201,424,5
201,19,15
201,21,3
201,467,6
201,444,2
201,463,5
202,429,4
202,467,10
202,463,4
203,204,13
203,205,51
203,417,3
203,424,3
203,19,7
203,21,15
203,36,4
203,60,14
203,61,1
203,71,2
203,75,3
203,467,29
203,463,4
205,204,129
205,231,2
205,233,1
205,326,2
205,353,3
205,354,4
205,381,2
205,16,9
205,417,3
205,424,6
205,19,34
205,23,5
205,39,22
205,43,4
205,55,20
205,61,3
205,71,2
205,75,2
205,465,2
205,467,60
205,435,4
205,436,5
205,444,7
205,456,11
205,463,24
205,464,6
130,612,4
130,158,1
130,208,2
130,213,3
130,270,2
130,388,2
131,95,3
131,102,1
131,139,1
131,612,13
131,158,1
131,208,2
131,213,3
131,270,2
131,388,3
131,435,6
131,436,3
132,612,4
132,158,1
132,207,2
132,213,3
132,270,2
132,388,2
132,19,2
132,39,4
133,612,10
133,158,1
133,213,3
133,270,2
133,388,2
134,612,4
134,158,1
134,207,2
134,213,3
134,270,2
134,388,2
135,144,4
135,612,7
135,158,1
135,213,3
135,270,2
135,388,2
135,435,3
135,436,2
136,96,4
136,612,3
136,158,1
136,208,2
136,213,3
136,270,2
136,388,2
137,612,4
137,158,1
137,208,2
137,213,3
137,270,2
137,388,2
138,145,3
138,612,4
138,158,1
138,213,3
138,270,2
138,388,2
139,612,2
140,612,13
140,158,1
140,213,3
140,270,2
140,388,2
141,96,4
141,612,3
141,158,1
141,208,2
141,213,3
141,270,2
141,388,2
142,612,4
142,158,1
142,206,2
142,208,2
142,213,3
142,270,2
142,388,2
142,427,3
143,114,1
144,612,12
144,158,3
144,213,3
144,270,2
144,388,3
144,424,5
144,427,2
144,430,3
144,450,5
145,612,25
145,158,3
145,213,2
145,270,2
145,388,7
146,96,4
146,612,3
146,158,1
146,208,2
146,213,3
146,270,2
146,388,2
147,612,4
147,158,1
147,208,2
147,213,3
147,270,2
147,388,2
148,612,10
148,158,1
148,213,3
148,270,2
148,388,2
149,612,10
149,158,1
149,213,3
149,270,2
149,388,2
149,435,3
149,436,2
150,612,7
150,158,1
150,213,3
150,270,2
150,388,2
151,92,6
151,94,4
151,612,5
151,158,1
151,208,2
151,388,2
151,424,7
152,114,3
152,143,1
152,612,7
152,158,1
152,213,3
152,270,2
152,388,2
152,424,4
153,96,3
153,145,5
153,612,5
153,158,1
153,213,3
153,270,2
153,388,2
153,427,4
154,612,7
154,158,1
154,213,3
154,270,2
154,388,2
155,612,8
155,158,2
155,213,3
155,270,2
155,388,3
156,612,4
156,158,1
156,208,2
156,213,3
156,270,2
156,388,2
612,115,10
612,158,2
612,213,2
612,270,2
612,385,4
612,388,17
612,390,2
159,612,7
159,158,1
159,213,3
159,270,2
159,388,2
160,612,4
160,158,1
160,213,3
160,270,2
160,388,2
161,101,1
161,612,10
161,158,1
161,213,3
161,270,2
161,388,2
162,612,10
162,158,1
162,213,3
162,270,2
162,388,2
162,435,10
162,436,4
163,101,1
163,612,10
163,158,1
163,213,3
163,270,2
163,388,2
164,95,3
164,612,13
164,158,1
164,213,3
164,270,2
164,388,2
164,435,8
164,436,4
165,101,1
165,612,10
165,158,1
165,213,3
165,270,2
165,388,2
166,144,2
166,612,1
166,158,1
166,213,3
166,270,2
166,388,2
167,144,2
167,612,1
167,158,1
167,213,3
167,270,2
167,388,2
167,424,2
168,612,4
168,158,1
168,213,3
168,270,2
168,388,2
169,612,4
169,158,1
169,207,2
169,213,3
169,270,2
169,388,2
169,68,5
169,497,4
170,612,11
170,158,1
170,213,3
170,270,2
170,388,2
171,612,10
171,158,1
171,170,3
171,213,3
171,270,2
171,388,2
172,612,4
172,158,1
172,213,3
172,270,2
172,388,2
173,612,7
173,158,1
173,213,3
173,270,2
173,388,2
174,612,7
174,158,1
174,213,3
174,270,2
174,388,2
174,424,3
174,444,5
175,612,10
175,158,1
175,213,3
175,270,2
175,388,2
175,424,4
176,612,4
176,158,1
176,208,2
176,213,3
176,270,2
176,388,2
177,612,7
177,158,1
177,213,3
177,270,2
177,388,2
178,612,4
178,158,1
178,213,2
178,270,2
178,388,2
179,612,5
179,158,2
179,207,2
179,213,3
179,270,2
179,388,3
179,497,6
180,102,1
180,612,13
180,158,1
180,213,3
180,270,2
180,388,3
181,612,7
181,158,1
181,213,3
181,270,2
181,388,2
182,612,4
182,158,1
182,207,2
182,208,2
182,213,3
182,270,2
182,388,2
182,19,3
182,75,4
183,612,7
183,158,1
183,213,3
183,270,2
183,388,2
184,612,4
184,158,1
184,208,2
184,213,3
184,270,2
184,388,2
206,427,2
185,612,4
185,158,1
185,213,3
185,270,2
185,388,2
186,612,12
186,158,1
186,213,3
186,270,2
186,388,3
209,19,3
209,21,9
209,467,15
209,456,2
209,463,1
209,530,2
210,89,5
210,94,4
210,97,4
210,98,4
210,100,4
210,103,4
210,107,4
210,110,4
210,111,4
210,112,4
210,113,3
210,114,5
210,116,4
210,117,4
210,118,4
210,122,5
210,123,5
210,126,4
210,131,4
210,132,4
210,133,4
210,134,4
210,136,4
210,137,4
210,141,4
210,142,4
210,146,4
210,147,4
210,612,13
210,158,94
210,160,4
210,164,4
210,169,5
210,179,4
210,182,4
210,185,4
210,187,5
210,188,4
210,191,4
187,612,4
187,158,1
187,213,3
187,270,2
187,388,2
188,612,4
188,158,1
188,208,2
188,213,3
188,270,2
188,388,2
188,435,4
188,436,2
211,89,2
211,90,2
211,91,2
211,92,2
211,93,2
211,95,2
211,97,2
211,98,2
211,99,2
211,100,2
211,103,2
211,104,2
211,105,2
211,106,2
211,107,2
211,108,2
211,109,2
211,110,2
211,111,2
211,112,2
211,113,2
211,114,2
211,116,2
211,117,2
211,118,2
211,119,2
211,120,2
211,121,2
211,122,2
211,123,2
211,124,2
211,125,2
211,126,2
211,127,2
211,128,2
211,129,2
211,130,2
211,131,2
211,132,2
211,133,2
211,134,2
211,135,2
211,136,2
211,137,2
211,138,2
211,140,2
211,141,2
211,142,2
211,144,2
211,146,2
211,147,2
211,148,2
211,149,2
211,150,2
211,152,2
211,153,2
211,154,2
211,155,2
211,156,2
211,612,4
211,159,2
211,160,2
211,161,2
211,162,2
211,163,2
211,164,2
211,165,2
211,166,2
211,167,2
211,168,2
211,169,2
211,170,2
211,171,2
211,172,2
211,173,2
211,174,2
211,175,2
211,176,2
211,177,2
211,179,2
211,180,2
211,181,2
211,182,2
211,183,2
211,184,2
211,185,2
211,186,2
211,187,2
211,188,2
211,213,1
211,189,2
211,190,2
211,191,2
211,192,2
211,193,2
211,195,2
211,270,98
212,89,3
212,90,5
212,91,7
212,92,5
212,93,7
212,95,3
212,96,6
212,97,7
212,98,3
212,99,3
212,100,3
212,103,3
212,104,3
212,105,3
212,106,3
212,107,8
212,108,3
212,109,6
212,110,3
212,111,3
212,112,3
212,113,5
212,114,3
212,116,3
212,117,3
212,118,3
212,119,3
212,120,3
212,121,4
212,122,3
212,123,3
212,124,3
212,125,3
212,126,3
212,127,3
212,128,3
212,129,3
212,130,3
212,131,7
212,132,3
212,133,3
212,134,3
212,135,3
212,136,3
212,137,3
212,138,3
212,140,7
212,141,3
212,142,3
212,144,3
212,145,5
212,146,3
212,147,3
212,148,3
212,149,3
212,150,3
212,151,2
212,152,4
212,153,3
212,154,4
212,155,3
212,156,3
212,612,36
212,159,4
212,160,3
212,161,3
212,162,3
212,163,3
212,164,3
212,165,5
212,166,3
212,167,3
212,168,3
212,169,3
212,170,3
212,171,3
212,172,3
212,173,3
212,174,4
212,175,3
212,176,3
212,177,3
212,179,3
212,180,3
212,181,3
212,182,3
212,183,3
212,184,3
212,185,3
212,186,3
212,187,3
212,188,3
212,213,3
212,189,3
212,190,3
212,191,3
212,192,3
212,193,3
212,195,3
212,270,95
213,89,2
213,90,2
213,91,2
213,92,2
213,93,2
213,95,2
213,97,2
213,98,2
213,99,2
213,100,2
213,103,2
213,104,2
213,105,2
213,106,2
213,107,2
213,108,2
213,109,2
213,110,2
213,111,2
213,112,2
213,113,2
213,114,2
213,116,2
213,117,2
213,118,2
213,119,2
213,120,2
213,121,2
213,122,2
213,123,2
213,124,2
213,125,2
213,126,2
213,127,2
213,128,2
213,129,2
213,130,2
213,131,2
213,132,2
213,133,2
213,134,2
213,135,2
213,136,2
213,137,2
213,138,2
213,140,2
213,141,2
213,142,2
213,144,2
213,146,2
213,147,2
213,148,2
213,149,2
213,150,2
213,152,2
213,153,2
213,154,2
213,155,2
213,156,2
213,159,2
213,160,2
213,161,2
213,162,2
213,163,2
213,164,2
213,165,2
213,166,2
213,167,2
213,168,2
213,169,2
213,170,2
213,171,2
213,172,2
213,173,2
213,174,2
213,175,2
213,176,2
213,177,2
213,179,2
213,180,2
213,181,2
213,182,2
213,183,2
213,184,2
213,185,2
213,186,2
213,187,2
213,188,2
213,189,2
213,190,2
213,191,2
213,192,2
213,193,2
213,195,2
213,270,95
214,104,4
214,145,1
214,154,2
214,612,4
214,216,1
214,218,6
214,225,2
214,229,6
215,216,1
215,225,5
216,225,2
217,218,8
217,221,3
217,222,3
217,224,3
217,227,3
217,229,3
217,230,3
218,89,3
218,90,3
218,91,3
218,92,18
218,93,1
218,94,7
218,95,7
218,96,11
218,97,11
218,98,2
218,99,2
218,100,3
218,103,2
218,104,2
218,105,8
218,106,1
218,107,36
218,108,3
218,109,5
218,110,2
218,111,1
218,112,3
218,113,3
218,114,3
218,115,8
218,116,2
218,117,4
218,118,2
218,119,2
218,120,2
218,121,3
218,122,4
218,123,2
218,124,2
218,125,1
218,126,2
218,127,1
218,128,3
218,129,4
218,130,1
218,131,9
218,132,3
218,133,4
218,134,2
218,135,2
218,136,2
218,137,3
218,138,11
218,140,28
218,141,2
218,142,3
218,144,8
218,145,13
218,146,9
218,147,6
218,148,3
218,149,3
218,150,2
218,151,6
218,152,3
218,153,4
218,154,15
218,155,1
218,156,1
218,612,99
218,159,4
218,160,4
218,161,2
218,162,5
218,163,2
218,164,7
218,165,3
218,166,1
218,167,1
218,168,1
218,169,3
218,170,17
218,171,9
218,172,1
218,173,3
218,174,3
218,175,3
218,176,1
218,177,4
218,179,9
218,180,5
218,181,2
218,182,2
218,183,2
218,184,1
218,208,10
218,185,2
218,186,3
218,187,3
218,188,3
218,213,2
218,214,3
218,215,3
218,216,31
218,217,11
218,219,19
218,220,7
218,223,2
218,225,20
218,226,4
218,228,2
218,229,128
218,189,8
218,190,10
218,191,2
218,192,7
218,193,1
218,195,1
218,270,100
218,388,11
218,424,2
218,497,7
221,218,3
221,229,1
222,179,3
222,218,4
222,229,1
222,270,2
222,497,1
223,225,1
223,229,8
224,612,2
224,218,3
224,229,1
226,424,4
227,94,4
227,612,4
227,218,6
227,229,2
229,216,6
229,219,4
229,220,3
229,223,5
229,225,1
229,226,3
229,388,4
230,154,4
230,218,11
230,229,2
230,270,2
189,612,13
189,158,1
189,213,3
189,270,2
189,388,2
190,612,12
190,158,1
190,213,3
190,270,2
190,388,3
191,612,4
191,158,1
191,207,2
191,213,3
191,270,2
191,388,2
191,497,5
192,95,3
192,612,7
192,158,1
192,213,3
192,270,2
192,388,2
193,612,4
193,158,1
193,207,2
193,213,3
193,270,2
193,388,2
194,612,4
194,158,1
194,206,2
194,213,2
194,270,2
194,388,2
194,427,3
195,102,1
195,612,8
195,158,1
195,206,2
195,213,3
195,270,2
195,388,2
195,427,3
231,388,3
232,231,7
232,388,3
233,231,7
233,326,1
233,388,7
233,19,10
233,467,5
233,463,7
234,240,1
235,243,1
236,89,5
236,90,5
236,91,9
236,92,24
236,93,9
236,95,29
236,96,10
236,97,19
236,98,6
236,99,4
236,100,3
236,101,5
236,103,1
236,104,5
236,105,4
236,106,5
236,107,14
236,108,6
236,109,9
236,110,6
236,111,6
236,112,9
236,113,18
236,114,12
236,116,13
236,117,6
236,118,7
236,119,3
236,120,4
236,121,5
236,122,6
236,123,4
236,124,3
236,125,3
236,126,5
236,127,3
236,128,9
236,129,4
236,131,10
236,132,4
236,133,19
236,134,4
236,135,6
236,136,11
236,137,8
236,138,7
236,140,8
236,141,6
236,142,6
236,144,32
236,145,52
236,146,11
236,147,5
236,148,5
236,149,5
236,150,4
236,151,14
236,152,8
236,153,20
236,154,6
236,155,5
236,612,180
236,158,161
236,159,4
236,160,8
236,162,24
236,163,7
236,164,25
236,165,5
236,166,3
236,167,3
236,169,5
236,170,8
236,171,8
236,173,5
236,174,6
236,175,7
236,177,7
236,178,2
236,179,4
236,180,10
236,181,4
236,182,3
236,183,4
236,185,3
236,186,7
236,187,5
236,188,6
236,189,18
236,190,7
236,191,4
236,192,7
236,195,4
236,234,19
236,235,24
236,237,13
236,238,100
236,240,86
236,241,22
236,243,710
236,244,14
236,245,4
236,246,21
236,247,2
236,274,1
236,276,1
236,388,2
236,52,1
236,427,11
236,430,2
236,467,1
236,436,8
237,90,5
237,91,5
237,92,8
237,93,5
237,96,7
237,97,5
237,99,3
237,101,5
237,102,3
237,104,4
237,105,5
237,106,3
237,107,4
237,108,5
237,113,3
237,122,5
237,129,3
237,133,5
237,135,5
237,136,5
237,138,4
237,139,3
237,140,6
237,143,4
237,144,6
237,145,6
237,148,5
237,149,5
237,150,3
237,153,5
237,154,3
237,155,3
237,612,3
237,158,102
237,159,3
237,161,5
237,162,5
237,164,6
237,165,5
237,166,3
237,167,3
237,173,3
237,174,7
237,177,3
237,180,5
237,181,3
237,183,3
237,208,5
237,186,5
237,189,7
237,190,5
237,192,3
237,195,3
237,522,2
238,243,1
239,253,5
239,436,2
240,243,1
248,235,7
248,240,5
248,253,69
248,255,16
248,246,2
248,381,1
248,19,1
248,21,1
248,427,2
248,429,1
248,467,1
248,447,1
248,463,1
248,500,14
249,240,4
249,248,9
249,251,8
249,253,6
249,255,3
249,424,12
250,239,2
250,253,54
250,255,25
250,381,1
250,388,1
250,19,1
250,75,1
250,435,1
250,436,5
250,456,1
250,497,1
250,500,37
250,512,4
251,240,7
251,248,82
251,253,61
251,255,17
251,424,6
251,467,1
251,444,1
251,500,43
252,250,8
252,253,12
252,255,9
252,435,1
252,436,5
252,456,1
252,500,15
253,500,6
254,240,6
254,248,33
254,253,22
254,255,6
254,244,3
254,424,9
254,467,1
254,444,1
254,500,8
255,196,1
255,158,3
255,209,1
255,235,17
255,237,20
255,238,76
255,239,6
255,240,60
255,249,4
255,251,8
255,252,2
255,253,697
255,254,4
255,256,4
255,241,9
255,243,11
255,244,13
255,245,2
255,246,12
255,269,1
255,274,7
255,276,1
255,326,1
255,337,13
255,341,1
255,381,3
255,388,7
255,16,1
255,421,2
255,424,21
255,19,1
255,21,1
255,23,1
255,25,1
255,26,1
255,35,1
255,39,1
255,40,1
255,43,1
255,45,9
255,52,1
255,55,1
255,67,1
255,68,1
255,71,1
255,75,1
255,427,2
255,429,2
255,430,3
255,465,1
255,467,1
255,433,1
255,439,1
255,444,1
255,447,1
255,463,1
255,464,1
255,497,5
255,500,460
255,512,4
255,513,2
256,234,19
256,239,21
256,240,48
256,253,109
256,255,149
256,241,2
256,244,5
256,246,20
256,274,1
256,55,1
256,429,1
256,467,1
256,435,1
256,436,30
256,456,2
256,463,1
256,500,87
241,234,8
241,240,15
241,253,3
241,436,2
242,92,5
242,202,5
242,612,5
242,210,2
242,236,4
242,237,6
242,240,2
242,255,11
242,243,5
242,337,6
242,339,21
242,341,1
242,388,3
242,424,2
242,19,4
242,45,9
242,55,1
242,463,3
242,498,5
242,500,2
242,512,3
243,158,3
243,235,6
243,237,3
243,238,36
243,240,21
243,241,1
243,246,1
243,388,4
243,424,6
243,497,3
245,237,1
245,240,1
245,243,1
245,424,3
246,235,3
246,240,5
246,253,3
246,424,4
246,427,1
257,90,5
257,92,1
257,94,4
257,95,2
257,96,1
257,104,2
257,105,6
257,107,3
257,117,3
257,120,7
257,204,54
257,205,55
257,132,6
257,138,3
257,139,4
257,140,7
257,145,6
257,146,4
257,147,3
257,151,2
257,154,5
257,612,32
257,158,38
257,159,3
257,165,5
257,174,5
257,179,3
257,207,2
257,208,9
257,186,7
257,188,2
257,190,7
257,388,2
257,424,1
257,19,6
257,467,3
257,497,1
247,612,2
247,257,3
258,260,4
258,19,6
258,45,8
258,484,1
259,260,5
259,326,1
259,335,3
259,19,7
259,45,8
259,484,1
260,281,23
260,326,2
260,19,7
260,47,4
260,55,3
260,71,2
260,427,3
260,429,2
260,467,4
260,469,2
260,484,1
261,19,3
262,231,3
262,233,2
262,261,6
262,263,3
262,19,13
262,45,2
264,261,1
264,19,3
265,261,1
265,262,5
265,263,2
265,19,3
266,261,1
266,262,2
266,19,3
267,261,1
267,262,4
267,314,2
267,19,3
268,97,8
268,107,8
268,110,4
268,111,4
268,113,4
268,116,6
268,118,5
268,136,4
268,141,4
268,145,3
268,146,5
268,153,10
268,612,18
268,158,12
268,209,2
268,231,2
268,233,1
268,269,7
268,326,1
268,381,5
268,424,1
268,19,17
268,21,16
268,55,8
268,429,13
268,465,1
268,467,31
268,436,6
268,444,3
268,463,17
269,89,8
269,91,5
269,92,3
269,93,5
269,95,16
269,96,11
269,97,13
269,98,6
269,99,3
269,100,3
269,101,9
269,104,3
269,105,5
269,106,4
269,107,15
269,108,6
269,109,7
269,110,4
269,111,4
269,112,9
269,113,13
269,114,11
269,116,8
269,117,5
269,118,5
269,119,4
269,120,5
269,121,5
269,122,6
269,123,8
269,124,3
269,125,3
269,126,5
269,127,3
269,128,7
269,129,3
269,131,11
269,132,3
269,133,20
269,134,3
269,135,5
269,136,4
269,137,6
269,138,7
269,140,6
269,141,4
269,142,8
269,144,7
269,145,29
269,146,5
269,147,5
269,148,5
269,149,6
269,150,3
269,151,6
269,152,6
269,153,4
269,154,4
269,155,4
269,612,116
269,158,128
269,159,4
269,160,7
269,162,12
269,163,6
269,164,13
269,165,5
269,166,3
269,167,3
269,169,7
269,170,6
269,171,9
269,173,4
269,174,6
269,175,6
269,177,7
269,179,15
269,180,9
269,181,3
269,182,3
269,183,3
269,208,5
269,185,5
269,186,6
269,209,2
269,187,5
269,188,7
269,189,16
269,190,6
269,191,3
269,192,6
269,195,3
269,231,6
269,233,5
269,268,3
269,274,36
269,276,7
269,326,7
269,339,7
269,341,10
269,353,3
269,381,6
269,388,4
269,16,5
269,424,26
269,19,206
269,21,30
269,23,2
269,24,4
269,26,11
269,35,2
269,39,4
269,40,2
269,43,5
269,50,5
269,52,7
269,55,67
269,61,5
269,65,4
269,67,2
269,68,16
269,71,20
269,75,3
269,428,7
269,429,88
269,465,3
269,467,340
269,435,13
269,436,4
269,444,28
269,446,5
269,447,8
269,450,3
269,456,6
269,462,3
269,463,161
269,464,13
269,497,15
269,530,2
271,19,10
271,21,26
271,467,13
274,327,8
276,274,4
276,326,1
276,17,5
276,19,19
276,26,1
276,35,11
276,61,5
276,429,2
276,467,6
276,446,2
276,456,2
276,463,8
278,381,4
278,19,35
278,26,5
278,55,12
278,61,4
278,65,4
278,427,3
278,429,14
278,431,2
278,465,13
278,467,101
278,433,12
278,434,2
278,483,2
278,456,4
278,463,4
279,231,4
279,233,1
279,300,3
279,303,3
279,19,11
279,43,5
279,55,1
280,19,5
280,45,1
280,483,5
283,285,82
283,300,12
284,285,7
284,286,3
284,288,6
284,291,48
284,299,3
284,300,1
284,303,5
287,285,18
287,300,6
287,303,22
288,285,2
288,287,6
288,289,2
288,299,1
288,300,3
288,303,5
288,311,2
288,312,15
288,313,2
289,299,1
289,303,10
290,285,6
290,286,3
290,287,2
290,288,16
290,299,3
290,300,1
290,303,11
291,285,3
291,297,3
291,298,3
292,283,2
292,300,1
293,285,3
293,291,1
294,284,21
294,285,7
294,288,1
294,291,1
294,292,2
294,293,6
294,303,7
295,283,2
295,300,1
296,284,8
296,285,1
296,291,2
296,295,2
296,303,3
297,286,1
298,299,1
300,285,3
300,286,3
300,299,3
301,290,2
301,291,3
301,294,2
301,296,2
301,300,7
301,303,8
301,306,2
301,314,6
301,309,2
301,310,2
303,300,1
304,283,2
304,300,1
305,291,1
306,284,3
306,285,1
306,291,1
306,303,2
306,304,2
312,303,8
307,283,5
307,285,18
307,300,1
308,300,1
310,284,8
310,285,2
310,288,3
310,291,1
310,303,6
310,307,2
281,19,34
281,21,3
281,55,23
281,60,1
281,61,3
281,71,3
281,429,3
281,467,95
281,433,18
281,483,2
281,456,2
281,463,2
316,318,43
316,19,42
316,25,2
316,26,4
316,47,35
316,55,11
316,60,11
316,61,35
316,71,4
316,467,56
316,433,13
316,457,3
316,538,3
316,539,25
316,540,3
316,543,1
316,544,7
316,546,34
316,550,26
317,276,3
317,316,4
317,19,18
317,26,4
317,55,4
317,61,2
317,71,1
317,467,15
317,433,5
317,457,3
318,276,3
318,315,1
318,316,5
318,317,1
318,319,1
318,320,1
318,321,1
318,322,1
318,323,2
318,19,110
318,21,4
318,26,5
318,45,1
318,47,3
318,55,67
318,60,7
318,61,12
318,71,15
318,427,4
318,467,79
318,433,14
318,483,2
318,457,3
318,497,3
318,539,5
318,543,2
318,544,7
319,87,24
319,316,3
319,317,4
319,318,1
319,320,8
319,19,23
319,26,4
319,39,3
319,46,2
319,47,4
319,55,2
319,60,4
319,61,18
319,71,1
319,78,1
319,429,4
319,467,28
319,456,2
319,457,3
319,463,5
319,464,2
319,539,7
319,543,4
319,544,10
320,316,1
320,317,5
320,19,19
320,26,4
320,47,4
320,55,6
320,60,3
320,61,6
320,71,6
320,427,2
320,429,4
320,467,21
320,433,5
320,457,3
320,539,3
320,543,2
320,544,4
320,546,1
321,316,1
321,317,13
321,19,22
321,26,4
321,39,3
321,47,10
321,55,9
321,60,7
321,61,14
321,71,10
321,429,4
321,467,33
321,433,8
321,457,3
321,497,5
321,539,3
321,543,1
321,544,4
321,546,1
322,323,40
322,19,13
322,26,4
322,55,7
322,60,2
322,61,5
322,467,13
322,433,7
322,457,3
323,276,5
323,314,2
323,316,3
323,318,10
323,19,36
323,26,7
323,35,3
323,47,12
323,55,12
323,60,7
323,61,20
323,71,4
323,427,3
323,429,4
323,467,51
323,433,12
323,457,3
323,497,9
323,539,3
323,540,3
323,544,6
323,546,10
323,550,1
282,87,14
282,276,4
282,19,17
282,26,10
282,35,3
282,49,2
282,55,1
282,61,11
282,429,5
282,467,15
282,483,2
282,457,3
282,464,2
10,341,3
10,19,1
10,26,7
10,55,29
10,61,14
10,467,19
10,468,3
324,331,4
324,332,1
324,19,2
324,61,2
324,78,3
324,463,1
448,334,2
448,19,3
448,65,4
448,467,7
448,449,5
448,463,5
326,231,2
326,233,1
326,276,3
326,448,31
326,329,2
326,334,1
326,19,10
326,65,2
326,467,9
326,449,5
336,341,12
336,55,4
336,427,2
336,429,3
336,467,6
336,463,3
337,87,7
337,327,8
337,424,8
337,55,8
337,427,10
337,429,8
337,467,15
337,463,25
338,327,2
338,337,1
338,341,1
338,364,3
338,424,2
338,55,3
338,427,3
338,429,2
338,467,4
338,463,2
338,464,2
339,92,13
339,103,1
339,202,5
339,145,7
339,612,4
339,242,2
339,268,2
339,269,3
339,274,9
339,327,2
339,337,8
339,341,10
339,381,2
339,388,6
339,424,4
339,19,20
339,21,3
339,45,2
339,55,4
339,427,3
339,429,4
339,467,8
339,444,3
339,446,3
339,447,4
339,463,13
339,464,2
340,343,2
340,19,3
340,513,1
341,337,4
341,16,4
341,55,20
341,61,1
341,427,3
341,429,11
341,467,44
341,436,3
341,463,11
341,464,8
342,274,4
342,327,2
342,337,3
342,341,9
342,19,5
342,55,3
342,427,2
342,429,2
342,467,5
342,469,6
342,446,3
342,463,7
342,464,2
343,86,39
343,87,21
343,237,2
343,253,190
343,274,6
343,276,1
343,337,14
343,341,5
343,364,21
343,381,1
343,424,2
343,19,9
343,55,5
343,61,9
343,427,4
343,429,1
343,467,1
343,455,4
343,463,1
343,464,2
343,500,78
343,513,7
364,274,4
364,327,2
364,337,14
364,341,8
364,424,12
364,19,8
364,55,50
364,427,16
364,429,16
364,467,66
364,463,30
364,464,31
345,327,2
345,341,5
345,19,1
345,54,1
345,55,3
345,81,4
345,429,2
345,467,4
345,463,2
345,464,2
346,327,2
346,341,5
346,19,1
346,55,3
346,65,5
346,427,2
346,429,4
346,467,4
346,463,2
346,464,2
347,274,7
347,276,4
347,337,3
347,338,3
347,341,5
347,364,2
347,388,1
347,424,2
347,19,7
347,55,4
347,427,2
347,429,3
347,467,9
347,446,3
347,447,4
347,463,7
347,464,2
348,87,5
348,274,7
348,276,4
348,337,2
348,341,7
348,364,4
348,19,10
348,55,3
348,427,7
348,429,2
348,467,8
348,446,5
348,463,11
349,87,3
349,337,2
349,341,3
349,364,4
349,347,2
349,348,2
349,424,2
349,55,4
349,427,2
349,455,5
349,464,2
350,198,5
350,200,3
350,274,4
350,327,2
350,337,3
350,341,9
350,388,1
350,424,3
350,19,10
350,55,3
350,427,4
350,429,2
350,467,5
350,446,3
350,447,4
350,463,8
350,464,2
351,337,1
351,341,7
351,19,5
351,55,3
351,427,2
351,429,2
351,467,4
351,469,7
351,446,3
351,463,7
351,464,2
352,337,1
352,341,3
352,55,3
352,429,2
352,467,4
352,463,2
352,464,4
353,341,8
353,55,3
353,429,2
353,467,4
353,463,2
353,464,2
354,205,18
354,274,4
354,327,2
354,337,3
354,341,9
354,424,3
354,19,15
354,21,3
354,55,3
354,427,8
354,429,2
354,467,12
354,444,4
354,446,3
354,447,4
354,463,14
354,464,2
328,330,2
328,332,1
328,78,4
328,429,2
328,467,2
329,19,1
329,467,5
329,449,5
330,274,2
330,276,2
330,277,2
330,333,4
330,19,9
330,61,3
330,65,3
330,78,10
330,79,3
330,429,4
330,467,4
330,447,2
330,463,5
331,274,2
331,276,2
331,277,2
331,333,3
331,19,10
331,61,1
331,65,3
331,78,10
331,79,3
331,429,4
331,467,4
331,447,2
331,463,5
333,330,4
333,19,4
333,78,12
333,463,15
333,537,3
334,231,2
334,233,1
334,448,3
334,335,2
334,19,5
334,467,4
334,449,2
335,467,6
335,449,2
370,612,2
370,269,2
370,274,6
370,276,5
370,326,4
370,355,4
370,362,7
370,365,3
370,367,4
370,19,22
370,429,3
370,467,11
370,444,3
370,448,4
370,449,3
370,463,5
355,231,2
355,233,1
355,276,7
355,364,2
355,357,1
355,358,1
355,360,69
355,361,3
355,363,1
355,364,7
355,365,32
355,366,22
355,367,5
355,368,6
355,373,2
355,375,3
355,380,3
355,381,5
355,16,4
355,19,110
355,21,13
355,23,3
355,26,34
355,27,2
355,35,4
355,39,3
355,40,3
355,55,86
355,61,37
355,65,7
355,71,9
355,80,4
355,427,8
355,429,14
355,465,6
355,467,187
355,433,27
355,436,2
355,437,8
355,483,2
355,484,1
355,463,4
355,464,3
355,497,7
355,499,3
356,355,3
356,360,7
356,366,2
356,19,20
356,25,6
356,26,3
356,39,2
356,55,17
356,61,24
356,71,2
356,467,18
356,433,19
357,365,17
357,366,1
357,19,21
357,26,2
357,39,2
357,46,9
357,55,4
357,60,4
357,61,18
357,467,10
357,457,2
358,355,1
358,357,3
358,365,3
358,19,10
358,55,5
358,71,4
358,429,2
358,465,1
358,467,12
358,433,4
358,497,3
359,355,3
359,356,2
359,360,3
359,368,1
359,19,8
359,21,2
359,25,4
359,26,3
359,39,2
359,55,11
359,61,11
359,71,2
359,467,7
359,433,13
360,87,108
360,231,2
360,233,1
360,276,2
360,341,3
360,355,32
360,357,4
360,359,3
360,361,11
360,363,26
360,364,17
360,365,9
360,366,11
360,367,2
360,381,3
360,19,84
360,21,38
360,25,16
360,26,19
360,39,2
360,46,5
360,55,35
360,60,2
360,61,109
360,65,2
360,71,3
360,427,16
360,429,25
360,465,3
360,467,123
360,469,4
360,436,3
360,457,2
360,464,5
360,497,2
360,535,14
360,507,3
361,355,1
361,356,1
361,359,4
361,365,1
361,366,2
361,367,1
361,19,14
361,21,1
361,26,3
361,55,7
361,61,11
361,467,5
361,433,5
361,457,2
362,355,3
362,365,2
362,367,4
362,19,32
362,21,3
362,45,11
362,46,2
362,55,3
362,62,3
362,69,3
362,71,2
362,429,5
362,465,2
362,467,63
362,484,2
362,463,1
362,498,5
363,356,3
363,360,1
363,365,24
363,366,1
363,367,2
363,19,26
363,25,5
363,26,4
363,55,18
363,61,23
363,71,4
363,467,9
363,433,15
363,457,2
364,355,1
364,356,1
364,359,4
364,360,1
364,365,3
364,366,2
364,367,4
364,371,4
364,373,3
364,377,4
364,19,27
364,21,2
364,25,5
364,26,4
364,55,12
364,61,21
364,71,2
364,467,9
364,433,10
364,457,2
365,87,25
365,357,2
365,360,2
365,366,1
365,19,25
365,26,6
365,39,3
365,55,6
365,61,24
365,71,3
365,429,3
365,465,2
365,467,20
365,433,1
365,457,2
365,458,2
365,463,2
366,276,6
366,360,5
366,365,1
366,367,1
366,380,6
366,19,21
366,26,17
366,55,12
366,61,1
366,65,6
366,465,1
366,467,7
366,469,4
367,355,2
367,360,1
367,365,13
367,366,1
367,19,39
367,23,5
367,25,2
367,39,6
367,40,3
367,55,3
367,60,21
367,61,7
367,65,2
367,71,9
367,429,3
367,467,65
367,456,11
367,463,11
367,497,9
371,373,1
371,376,1
372,373,5
372,377,1
373,276,5
373,341,3
373,360,10
373,365,9
373,366,3
373,367,3
373,374,1
373,375,11
373,376,1
373,377,13
373,378,10
373,19,46
373,21,20
373,26,8
373,39,2
373,55,27
373,57,2
373,61,28
373,71,2
373,465,4
373,467,22
373,433,16
373,457,3
374,373,6
375,276,3
375,341,3
375,355,4
375,365,5
375,366,2
375,367,7
375,368,2
375,373,4
375,376,5
375,377,6
375,378,4
375,381,3
375,19,18
375,21,10
375,26,4
375,39,4
375,55,12
375,61,18
375,65,5
375,427,4
375,429,10
375,467,19
375,433,7
375,436,3
375,457,2
376,377,1
377,368,2
377,373,1
377,467,2
378,360,3
378,365,4
378,19,19
378,21,7
378,26,3
378,39,3
378,55,12
378,61,23
378,71,2
378,465,2
378,467,16
378,433,13
379,367,2
379,467,3
381,209,2
381,231,5
381,233,4
381,269,8
381,274,10
381,276,6
381,326,2
381,337,3
381,341,11
381,353,3
381,16,3
381,415,5
381,417,7
381,424,14
381,19,101
381,21,18
381,25,2
381,26,13
381,35,3
381,39,3
381,43,16
381,49,3
381,50,6
381,52,8
381,55,37
381,61,6
381,65,8
381,68,7
381,71,3
381,75,3
381,427,8
381,429,48
381,465,2
381,467,304
381,435,49
381,436,19
381,438,3
381,439,4
381,440,2
381,441,2
381,444,10
381,447,10
381,455,8
381,456,3
381,463,109
381,464,7
381,530,2
11,87,5
11,260,5
11,365,1
11,367,3
11,19,16
11,45,7
11,55,2
11,65,11
11,429,11
11,467,22
11,433,1
11,463,3
12,14,18
13,14,19
13,15,3
382,383,2
382,391,8
382,392,7
382,419,6
382,497,24
383,382,3
383,391,1
383,497,2
384,179,5
384,391,18
384,392,18
384,396,5
384,397,1
384,398,4
384,634,6
384,425,6
384,497,12
385,115,4
385,612,2
385,388,18
386,385,11
386,388,6
386,389,1
386,391,11
387,391,9
387,392,8
387,419,4
387,497,30
388,115,3
389,388,2
390,388,2
391,386,2
391,387,2
391,388,3
391,389,4
391,393,2
391,419,4
391,497,4
392,98,3
392,100,3
392,115,5
392,132,7
392,134,3
392,160,3
392,231,16
392,384,2
392,388,7
392,389,1
392,391,164
392,395,22
392,396,28
392,397,4
392,398,85
392,634,180
392,419,2
392,420,9
392,423,3
392,424,1
392,425,203
392,497,20
393,388,4
393,389,1
393,391,6
393,394,4
394,115,3
394,612,2
394,388,3
396,169,3
396,179,5
396,391,49
396,392,37
396,397,1
396,398,28
396,634,8
396,421,5
396,425,8
396,497,33
397,391,1
397,392,1
398,388,3
634,388,5
634,390,1
400,19,2
400,22,2
400,483,2
401,19,6
401,30,10
401,483,6
402,19,2
402,33,2
402,483,2
403,19,2
403,34,2
403,483,2
404,19,16
404,26,4
404,55,5
404,61,9
404,429,5
404,467,20
404,433,7
404,483,2
404,457,2
404,463,5
405,19,2
405,44,2
405,483,2
406,19,10
406,26,2
406,47,7
406,55,2
406,467,11
406,433,4
406,483,2
406,539,4
406,544,1
406,546,10
406,550,7
407,19,2
407,48,2
407,483,2
408,19,2
408,58,2
408,483,2
409,314,9
409,19,10
409,43,5
409,55,4
409,61,1
409,442,4
409,483,2
409,518,40
410,19,2
410,72,2
410,483,2
411,19,2
411,73,2
411,483,2
412,276,3
412,19,52
412,25,5
412,26,17
412,40,2
412,46,2
412,55,32
412,60,8
412,61,45
412,78,2
412,427,2
412,429,7
412,467,42
412,433,29
412,483,2
412,457,5
412,463,1
413,19,2
413,83,2
413,483,2
414,19,2
414,84,2
414,483,2
15,275,5
15,276,3
15,19,8
15,35,1
15,45,32
15,55,1
15,60,1
15,61,1
15,467,3
15,525,4
16,19,3
16,26,6
16,55,3
16,61,1
16,467,7
17,355,2
17,365,2
17,19,6
17,21,3
17,26,4
17,35,4
17,55,1
17,61,2
17,71,1
17,429,2
17,467,6
17,433,3
17,457,2
415,96,3
415,118,5
415,126,3
415,612,4
415,388,4
415,424,24
416,89,3
416,92,21
416,94,9
416,95,57
416,96,39
416,98,3
416,99,9
416,102,9
416,103,15
416,104,7
416,105,24
416,106,5
416,107,3
416,108,5
416,109,3
416,112,3
416,113,11
416,114,11
416,116,9
416,119,5
416,120,3
416,121,3
416,122,5
416,123,5
416,124,13
416,125,6
416,127,5
416,128,3
416,129,5
416,131,7
416,132,5
416,134,4
416,135,3
416,137,5
416,138,27
416,140,13
416,142,3
416,144,18
416,145,111
416,152,3
416,153,36
416,154,3
416,155,5
416,156,3
416,612,512
416,159,11
416,161,5
416,162,13
416,163,5
416,164,5
416,166,3
416,167,3
416,168,3
416,169,7
416,170,10
416,171,7
416,172,3
416,173,5
416,175,3
416,176,3
416,177,9
416,178,5
416,179,9
416,181,3
416,182,3
416,183,5
416,207,2
416,185,5
416,186,7
416,187,5
416,189,7
416,190,7
416,191,5
416,192,5
416,193,7
416,194,5
416,195,3
416,231,22
416,388,14
416,390,32
416,391,2
416,392,68
416,395,8
416,397,3
416,398,11
416,634,342
416,419,1
416,420,327
416,421,4
416,423,4
416,424,18
416,425,6
416,426,2
416,464,2
416,497,7
417,96,2
417,146,5
417,147,3
417,612,3
417,188,3
417,388,3
417,415,2
417,424,14
570,612,4
570,232,2
570,388,2
570,391,5
570,398,5
570,416,6
570,419,5
570,422,8
570,423,7
570,19,14
570,21,4
570,36,3
570,43,6
570,55,1
570,71,2
570,467,4
570,444,4
570,463,2
570,497,3
419,417,2
419,444,4
419,491,3
420,90,10
420,91,3
420,93,3
420,94,4
420,95,15
420,96,7
420,97,5
420,98,4
420,99,3
420,100,7
420,104,9
420,105,15
420,106,3
420,107,13
420,110,3
420,111,3
420,112,5
420,116,3
420,117,3
420,118,2
420,122,11
420,123,3
420,124,11
420,129,5
420,130,4
420,131,7
420,132,10
420,133,3
420,134,6
420,136,4
420,137,9
420,139,6
420,140,5
420,141,4
420,142,5
420,145,27
420,146,2
420,148,5
420,149,3
420,150,3
420,153,2
420,154,34
420,156,6
420,612,142
420,158,56
420,160,4
420,165,10
420,169,6
420,174,5
420,176,3
420,177,3
420,179,14
420,180,5
420,181,3
420,182,2
420,184,4
420,207,2
420,208,15
420,192,3
420,231,21
420,385,5
420,388,37
420,390,7
420,398,56
420,634,64
420,415,2
420,417,2
420,419,8
420,421,1
420,423,8
420,424,12
420,425,22
420,444,3
420,497,3
422,416,4
423,115,7
423,612,9
423,167,2
423,444,4
424,96,3
424,612,5
424,388,5
424,55,5
424,427,6
425,416,119
19,201,4
19,202,15
19,203,11
19,612,28
19,174,3
19,231,2
19,233,6
19,7,1
19,236,5
19,237,4
19,255,5
19,244,3
19,257,5
19,247,1
19,269,4
19,274,21
19,276,65
19,279,3
19,280,3
19,300,3
19,301,2
19,8,14
19,326,20
19,333,8
19,335,5
19,366,5
19,388,9
19,17,1
19,570,10
19,419,13
19,18,45
19,21,26
19,23,1
19,24,7
19,25,12
19,26,146
19,28,1
19,29,1
19,31,1
19,32,1
19,35,3
19,36,1
19,37,5
19,38,1
19,39,5
19,40,3
19,41,1
19,42,1
19,43,1
19,45,56
19,46,1
19,47,1
19,49,5
19,50,5
19,51,1
19,52,1
19,53,1
19,54,1
19,55,103
19,56,3
19,57,4
19,59,3
19,60,3
19,61,11
19,63,1
19,64,1
19,65,13
19,66,1
19,67,1
19,68,1
19,70,1
19,71,10
19,74,2
19,75,8
19,76,1
19,77,2
19,78,1
19,79,1
19,80,3
19,81,1
19,82,1
19,428,2
19,429,14
19,467,80
19,432,4
19,433,3
19,444,7
19,446,10
19,447,7
19,448,8
19,449,3
19,483,3
19,484,6
19,457,3
19,459,4
19,463,48
19,85,3
19,496,3
19,497,5
19,537,3
19,539,4
19,508,3
19,509,5
19,512,2
19,513,10
19,516,11
19,522,3
19,525,2
20,87,66
20,326,7
20,19,45
20,21,7
20,26,1
20,36,1
20,47,22
20,55,4
20,57,1
20,60,2
20,61,4
20,71,16
20,429,6
20,467,127
20,447,1
20,463,23
20,497,3
21,87,205
21,231,5
21,233,4
21,326,2
21,367,15
21,19,168
21,25,3
21,26,13
21,28,2
21,39,28
21,43,16
21,55,7
21,60,21
21,61,183
21,67,15
21,71,24
21,75,5
21,427,3
21,429,45
21,467,243
21,433,3
21,437,3
21,488,5
21,490,6
21,456,4
21,457,3
21,463,36
21,464,3
21,497,8
21,519,2
22,87,141
22,19,63
22,23,2
22,25,1
22,26,7
22,39,41
22,40,3
22,46,1
22,55,53
22,60,51
22,61,63
22,71,8
22,427,2
22,429,4
22,467,126
22,433,4
22,456,2
22,457,3
22,463,21
23,87,73
23,231,4
23,233,1
23,19,34
23,21,1
23,25,2
23,26,2
23,39,44
23,40,29
23,46,3
23,55,4
23,60,23
23,61,65
23,467,50
23,433,3
23,437,3
23,488,4
23,490,7
23,457,2
23,463,14
24,87,8
24,19,15
24,26,5
24,61,3
24,428,13
24,467,5
24,447,10
24,457,3
24,463,14
24,464,3
25,19,22
25,26,5
25,39,3
25,49,6
25,55,14
25,61,20
25,467,21
25,433,13
25,437,5
25,488,2
25,457,3
26,87,20
26,341,12
26,381,4
26,16,5
26,19,33
26,21,1
26,25,1
26,55,36
26,61,24
26,71,1
26,429,8
26,467,44
26,436,5
26,437,4
26,443,1
26,488,9
26,490,10
26,457,10
26,458,8
26,463,12
26,464,2
26,537,3
27,87,13
27,19,16
27,55,2
27,61,16
27,71,1
27,429,3
27,467,10
27,463,2
27,513,1
28,87,19
28,276,3
28,19,16
28,23,3
28,25,10
28,39,4
28,46,1
28,55,3
28,60,1
28,61,4
28,467,58
28,456,8
28,463,8
29,87,5
29,19,6
29,26,2
29,55,1
29,429,2
29,467,5
30,87,42
30,19,39
30,26,22
30,39,2
30,55,30
30,61,20
30,71,10
30,427,3
30,429,3
30,467,43
30,469,2
30,484,4
30,457,3
30,497,12
31,87,72
31,300,1
31,314,2
31,367,3
31,19,71
31,21,4
31,26,7
31,36,3
31,39,1
31,43,7
31,46,1
31,55,5
31,60,3
31,61,22
31,71,25
31,429,15
31,467,104
31,433,3
31,457,3
31,463,7
31,497,11
31,505,4
31,514,12
31,518,2
32,87,60
32,7,1
32,274,11
32,19,81
32,21,40
32,28,4
32,43,5
32,55,3
32,60,2
32,61,1
32,427,3
32,429,65
32,431,25
32,467,153
32,434,3
32,456,9
32,463,45
32,530,2
33,87,30
33,19,26
33,21,11
33,26,3
33,32,2
33,55,16
33,60,2
33,61,3
33,427,1
33,429,10
33,431,3
33,467,54
33,457,3
33,463,10
33,464,2
34,87,46
34,286,10
34,299,16
34,300,26
34,19,81
34,55,3
34,60,2
34,71,2
34,74,4
34,429,11
34,467,65
34,463,3
35,87,19
35,19,20
35,21,7
35,26,12
35,55,5
35,61,20
35,71,6
35,429,4
35,467,31
35,468,2
35,433,1
35,476,5
35,447,3
35,488,4
35,490,4
35,456,2
35,457,3
35,458,3
35,463,5
35,464,2
35,497,1
36,87,117
36,300,14
36,314,6
36,19,208
36,21,8
36,26,6
36,31,3
36,37,5
36,38,7
36,39,15
36,46,10
36,47,43
36,55,50
36,60,22
36,61,82
36,71,74
36,80,6
36,429,6
36,467,222
36,433,3
36,456,3
36,457,3
36,463,5
36,464,2
36,497,13
36,505,2
36,538,4
36,539,13
36,540,7
36,541,4
36,542,4
36,543,11
36,544,37
36,546,27
36,547,4
36,550,10
36,514,18
36,530,3
37,87,89
37,285,62
37,300,4
37,314,2
37,19,64
37,25,2
37,26,5
37,39,1
37,55,4
37,61,59
37,71,5
37,429,2
37,467,53
37,457,3
37,464,2
37,514,6
38,87,85
38,276,2
38,285,15
38,300,16
38,19,66
38,25,4
38,55,3
38,71,3
38,467,100
38,514,40
39,87,57
39,231,2
39,233,1
39,19,35
39,21,1
39,23,36
39,25,6
39,26,4
39,40,16
39,46,3
39,55,7
39,60,24
39,61,62
39,71,1
39,75,8
39,467,65
39,433,3
39,437,3
39,490,4
39,457,2
39,463,20
39,501,2
40,87,75
40,19,22
40,21,1
40,23,1
40,25,7
40,26,2
40,39,11
40,49,1
40,55,32
40,60,49
40,61,37
40,71,3
40,467,64
40,433,3
40,437,42
40,488,4
40,490,5
40,456,2
40,457,2
40,463,15
40,501,2
41,87,8
41,231,3
41,233,2
41,19,9
41,55,3
41,467,15
42,231,5
42,233,4
42,262,5
42,263,2
42,300,1
42,326,13
42,335,15
42,381,8
42,19,189
42,20,2
42,21,3
42,39,3
42,43,5
42,45,10
42,47,10
42,55,3
42,60,1
42,61,12
42,68,5
42,71,2
42,429,2
42,467,101
42,433,4
42,442,6
42,447,4
42,448,114
42,484,2
42,456,4
42,460,5
42,463,11
42,549,4
42,550,1
42,516,3
43,87,120
43,88,7
43,231,2
43,233,1
43,367,18
43,19,87
43,21,29
43,25,3
43,26,9
43,39,1
43,55,7
43,61,93
43,71,4
43,427,2
43,429,32
43,467,165
43,433,3
43,437,3
43,488,7
43,490,9
43,456,2
43,457,3
43,463,31
43,464,3
44,87,37
44,19,33
44,21,4
44,26,10
44,35,3
44,55,8
44,60,2
44,61,15
44,71,9
44,427,2
44,429,9
44,467,53
44,457,5
44,463,3
44,497,16
45,202,4
45,7,9
45,275,33
45,18,4
45,19,6
45,442,6
45,484,6
45,498,9
45,514,8
45,516,5
45,518,11
45,522,28
46,87,24
46,19,13
46,23,1
46,26,4
46,39,22
46,40,3
46,55,8
46,60,17
46,61,21
46,71,1
46,429,10
46,467,18
46,433,3
46,456,9
46,457,2
46,463,6
47,87,175
47,231,4
47,233,3
47,276,3
47,300,1
47,313,3
47,326,7
47,19,260
47,21,16
47,25,4
47,26,11
47,35,1
47,39,20
47,40,3
47,49,3
47,55,14
47,60,18
47,61,283
47,66,4
47,71,43
47,78,2
47,429,20
47,467,189
47,433,3
47,436,2
47,447,2
47,448,1
47,456,5
47,457,3
47,463,27
47,464,2
47,497,63
47,538,31
47,539,65
47,540,40
47,542,2
47,543,30
47,544,57
47,546,278
47,547,21
47,549,5
47,550,120
47,523,2
47,530,3
48,87,43
48,144,2
48,612,5
48,174,1
48,236,4
48,237,4
48,255,5
48,341,3
48,355,6
48,365,6
48,366,1
48,367,2
48,388,1
48,19,40
48,25,1
48,26,2
48,55,20
48,61,2
48,71,6
48,427,5
48,428,1
48,429,17
48,465,3
48,467,78
48,438,2
48,450,5
48,483,2
48,463,2
49,87,372
49,209,2
49,231,3
49,233,2
49,7,3
49,269,2
49,274,10
49,275,3
49,276,13
49,300,2
49,326,17
49,327,2
49,341,1
49,333,1
49,381,2
49,19,174
49,20,2
49,21,12
49,23,9
49,24,2
49,25,4
49,26,4
49,35,6
49,36,2
49,37,6
49,38,23
49,39,14
49,40,13
49,45,1
49,46,4
49,47,4
49,55,22
49,60,12
49,61,12
49,65,8
49,66,4
49,71,58
49,75,1
49,77,1
49,78,3
49,429,54
49,467,396
49,433,3
49,436,5
49,444,1
49,447,6
49,480,4
49,484,8
49,456,7
49,463,60
49,464,70
49,497,5
49,507,3
49,523,4
49,526,2
49,530,5
50,87,5
50,19,6
50,26,6
50,35,3
50,55,1
50,61,4
50,467,5
50,457,3
51,87,13
51,381,2
51,19,14
51,39,5
51,47,6
51,55,5
51,71,4
51,429,3
51,467,33
51,442,3
51,488,5
51,490,5
51,456,2
51,463,2
51,497,6
51,508,3
51,509,3
52,87,40
52,19,39
52,21,10
52,26,2
52,39,11
52,55,6
52,60,4
52,61,46
52,68,4
52,71,20
52,75,3
52,427,1
52,429,3
52,467,30
52,433,3
52,457,2
52,463,2
52,497,8
53,87,111
53,19,4
53,21,2
53,40,95
53,49,24
53,55,5
53,60,2
53,467,75
53,464,23
54,87,20
54,274,6
54,341,9
54,16,2
54,19,19
54,21,3
54,25,1
54,26,4
54,39,1
54,49,1
54,55,9
54,61,17
54,71,1
54,81,3
54,427,2
54,429,9
54,467,23
54,469,1
54,433,4
54,453,2
54,457,2
54,463,7
55,87,231
55,231,5
55,233,4
55,7,2
55,237,2
55,276,2
55,10,10
55,336,5
55,341,70
55,342,5
55,364,3
55,345,3
55,346,3
55,351,9
55,352,5
55,353,7
55,16,14
55,424,8
55,19,214
55,21,23
55,25,3
55,26,33
55,39,1
55,45,3
55,49,3
55,54,5
55,61,341
55,65,10
55,71,2
55,75,4
55,81,1
55,427,8
55,428,3
55,429,23
55,430,2
55,465,2
55,467,269
55,468,29
55,432,12
55,469,13
55,433,5
55,437,3
55,476,5
55,443,6
55,444,1
55,447,2
55,484,10
55,488,5
55,490,6
55,455,12
55,456,3
55,457,4
55,463,33
55,464,68
55,499,10
55,507,27
56,87,13
56,19,10
56,26,10
56,35,13
56,55,3
56,61,4
56,71,1
56,429,3
56,467,15
56,457,3
57,87,24
57,19,17
57,21,1
57,25,3
57,26,5
57,39,3
57,40,2
57,55,3
57,61,9
57,71,2
57,467,28
57,437,3
57,457,3
58,87,17
58,19,22
58,39,12
58,55,14
58,61,3
58,71,6
58,467,28
58,497,11
58,516,5
59,87,7
59,19,7
59,26,6
59,55,2
59,56,4
59,61,1
59,429,2
59,467,9
59,457,3
60,87,59
60,276,3
60,381,2
60,19,57
60,21,23
60,23,7
60,25,1
60,26,5
60,28,1
60,39,35
60,40,22
60,46,2
60,49,2
60,55,12
60,61,60
60,71,10
60,429,6
60,467,116
60,433,3
60,456,15
60,457,3
60,463,22
60,464,2
60,497,2
60,501,4
61,87,119
61,231,4
61,233,3
61,269,2
61,274,3
61,8,1
61,326,1
61,341,4
61,381,14
61,16,15
61,19,121
61,21,12
61,25,5
61,26,38
61,39,3
61,40,2
61,43,2
61,46,4
61,55,51
61,57,1
61,60,2
61,71,11
61,427,5
61,428,5
61,429,27
61,465,4
61,466,3
61,467,229
61,468,18
61,469,3
61,433,3
61,436,7
61,437,3
61,476,7
61,447,3
61,486,2
61,456,18
61,457,3
61,459,4
61,463,30
61,464,9
61,507,11
61,530,9
62,46,1
62,55,1
62,71,1
62,429,3
62,467,28
63,87,29
63,19,26
63,26,1
63,39,4
63,41,1
63,55,6
63,60,1
63,427,1
63,429,8
63,467,34
63,459,4
63,463,2
63,464,6
63,530,1
64,87,16
64,19,7
64,26,1
64,49,1
64,55,9
64,61,2
64,429,6
64,467,21
64,433,3
64,463,4
65,87,29
65,274,10
65,327,2
65,19,24
65,26,6
65,39,1
65,55,1
65,61,16
65,71,1
65,427,1
65,428,2
65,429,45
65,467,28
65,447,2
65,457,3
65,463,9
65,464,2
66,87,282
66,300,44
66,326,2
66,19,128
66,21,2
66,26,2
66,39,8
66,40,1
66,49,4
66,55,28
66,60,19
66,61,12
66,71,1
66,74,1
66,75,1
66,78,1
66,427,2
66,429,13
66,431,3
66,467,258
66,469,2
66,433,4
66,434,2
66,456,2
66,457,2
66,463,14
66,464,47
67,87,41
67,276,2
67,19,51
67,25,4
67,26,8
67,28,2
67,39,15
67,40,3
67,55,9
67,60,17
67,61,47
67,71,22
67,429,17
67,467,88
67,468,2
67,433,3
67,476,7
67,488,4
67,490,4
67,456,24
67,457,3
67,458,3
67,463,14
68,87,54
68,231,3
68,233,2
68,421,28
68,19,74
68,26,9
68,39,3
68,52,49
68,55,9
68,60,2
68,61,66
68,71,67
68,429,2
68,467,104
68,433,3
68,437,3
68,447,14
68,488,5
68,490,6
68,457,3
68,463,16
68,464,2
68,497,137
68,516,38
68,530,3
69,19,1
69,467,2
70,87,14
70,381,2
70,19,12
70,43,5
70,55,2
70,429,2
70,467,13
70,436,2
70,484,1
70,463,3
70,517,2
70,524,5
71,87,238
71,326,4
71,19,170
71,21,31
71,25,2
71,26,13
71,28,4
71,39,18
71,46,4
71,52,17
71,55,11
71,60,27
71,61,215
71,67,6
71,68,58
71,75,2
71,429,27
71,467,213
71,433,3
71,437,3
71,447,16
71,490,5
71,456,4
71,457,3
71,463,38
71,464,2
71,497,483
71,516,2
71,519,2
71,526,3
72,87,139
72,326,2
72,19,66
72,21,4
72,26,6
72,39,4
72,49,1
72,55,1
72,60,8
72,61,74
72,71,61
72,429,10
72,467,110
72,447,1
72,456,2
72,457,3
72,463,16
72,464,2
72,497,66
72,550,4
73,87,107
73,231,7
73,233,6
73,19,44
73,25,4
73,26,4
73,39,9
73,55,3
73,60,3
73,61,61
73,68,3
73,71,41
73,427,1
73,429,2
73,467,78
73,457,3
73,497,46
73,516,1
74,87,43
74,231,2
74,233,1
74,276,2
74,337,3
74,341,5
74,16,1
74,19,59
74,21,45
74,26,25
74,39,3
74,55,21
74,60,6
74,61,59
74,67,3
74,71,4
74,75,8
74,427,3
74,428,1
74,429,19
74,467,80
74,469,1
74,433,5
74,437,4
74,447,4
74,488,7
74,490,8
74,456,2
74,457,4
74,463,13
74,464,5
74,497,1
74,507,2
75,87,19
75,231,2
75,233,1
75,19,24
75,21,3
75,26,4
75,39,3
75,55,7
75,61,12
75,71,2
75,467,15
75,433,3
75,437,3
75,490,5
75,457,2
75,463,2
76,87,7
76,19,16
76,26,13
76,35,10
76,39,1
76,55,3
76,61,15
76,427,3
76,429,2
76,467,17
76,468,2
76,476,7
76,488,4
76,490,4
76,457,3
76,458,3
76,464,2
77,87,10
77,19,13
77,26,7
77,35,3
77,39,3
77,55,1
77,61,5
77,429,3
77,467,12
77,457,3
77,464,2
78,87,104
78,231,2
78,233,1
78,276,11
78,277,3
78,324,3
78,326,1
78,328,7
78,330,3
78,331,3
78,332,14
78,333,21
78,19,87
78,21,3
78,25,5
78,26,8
78,35,6
78,39,4
78,40,1
78,45,1
78,47,2
78,55,6
78,60,1
78,61,47
78,71,2
78,75,1
78,77,1
78,79,6
78,429,15
78,467,109
78,457,2
78,458,2
78,463,14
78,464,2
79,87,18
79,19,10
79,25,2
79,26,4
79,55,2
79,61,9
79,78,8
79,429,6
79,467,13
79,457,2
80,87,115
80,19,61
80,21,1
80,25,2
80,26,12
80,28,4
80,39,1
80,40,6
80,43,3
80,46,11
80,55,3
80,60,10
80,61,54
80,71,12
80,429,8
80,467,69
80,456,2
80,457,3
80,463,9
80,464,2
80,497,5
80,520,6
81,87,17
81,341,2
81,16,2
81,19,10
81,26,3
81,54,28
81,55,8
81,61,5
81,429,5
81,467,7
81,457,2
82,19,1
82,21,1
82,26,5
82,39,1
82,40,1
82,43,1
82,46,2
82,55,2
82,71,2
82,429,8
82,465,2
82,466,2
82,467,58
82,468,4
82,436,7
82,463,21
83,87,133
83,362,5
83,365,2
83,367,2
83,19,130
83,21,16
83,26,18
83,39,2
83,43,10
83,55,28
83,61,10
83,71,14
83,429,7
83,465,1
83,467,402
83,456,11
83,463,27
83,464,12
83,508,9
83,509,6
83,554,9
83,555,7
83,556,3
83,560,9
83,561,13
83,568,3
83,572,9
83,574,3
83,579,6
83,583,5
83,585,17
83,586,4
83,590,6
83,591,7
83,592,5
84,87,256
84,276,3
84,326,4
84,19,143
84,26,45
84,35,1
84,39,4
84,49,1
84,55,72
84,60,15
84,61,85
84,65,2
84,71,19
84,72,4
84,427,6
84,429,21
84,467,219
84,447,1
84,457,12
84,463,10
84,464,11
84,495,6
84,497,30
84,502,6
84,508,3
84,509,3
84,532,18
84,533,19
427,87,13
427,95,2
427,97,4
427,107,2
427,612,3
427,206,4
427,19,12
427,467,7
428,415,1
428,55,5
428,467,5
428,444,5
428,447,7
428,464,4
429,19,4
429,21,4
429,55,3
429,65,4
429,427,1
429,428,4
429,430,10
429,467,18
429,447,1
429,463,10
430,144,6
430,153,5
430,612,2
430,158,10
430,231,2
430,233,1
430,327,2
430,424,3
430,19,3
430,21,10
430,55,3
430,427,4
430,428,8
430,429,13
430,467,20
430,463,11
431,429,1
431,467,3
431,463,1
465,467,8
465,468,1
466,467,6
466,468,1
467,19,2
467,21,2
467,26,4
467,40,2
467,43,2
467,46,3
467,71,3
467,429,3
467,465,1
467,466,1
467,468,2
467,463,10
432,341,6
432,55,7
432,537,3
469,427,2
469,429,2
469,467,4
470,19,2
470,473,4
470,513,1
471,274,2
471,275,2
471,276,2
471,277,2
471,366,1
471,19,6
471,427,1
471,429,2
471,467,8
471,472,6
472,274,2
472,275,2
472,276,2
472,277,2
472,366,1
472,19,6
472,427,5
472,429,3
472,467,8
472,469,1
473,253,123
473,276,1
473,337,2
473,341,7
473,364,11
473,381,1
473,19,24
473,26,2
473,49,20
473,55,8
473,427,30
473,429,1
473,467,1
473,469,21
473,471,20
473,472,90
473,474,2
473,433,2
473,436,1
473,439,4
473,443,4
473,456,3
473,463,1
473,464,2
473,500,73
473,513,7
474,87,1
474,274,3
474,275,2
474,276,3
474,277,3
474,366,1
474,19,2
474,427,5
474,429,2
474,467,11
474,469,1
475,26,2
475,427,27
475,467,5
475,469,26
475,474,52
475,433,7
475,439,3
475,443,3
475,463,2
433,19,5
433,26,2
433,469,22
433,470,3
433,473,3
433,475,3
433,439,1
433,443,1
433,522,4
434,424,2
434,55,5
434,427,4
434,428,12
434,429,11
434,430,4
434,431,5
434,467,10
434,447,2
434,463,12
434,464,2
435,274,18
435,341,52
435,381,11
435,19,25
435,26,22
435,39,25
435,55,10
435,61,10
435,429,22
435,467,147
435,432,11
435,436,11
435,456,1
435,463,75
438,209,2
438,231,3
438,233,2
438,274,6
438,424,6
438,19,6
438,21,3
438,55,4
438,427,5
438,428,20
438,429,12
438,430,13
438,467,25
438,439,5
438,444,1
438,447,5
438,463,20
438,464,3
439,467,4
439,463,1
440,209,2
440,231,3
440,233,2
440,274,6
440,424,4
440,19,6
440,21,3
440,55,4
440,427,5
440,428,20
440,429,12
440,430,13
440,467,25
440,439,5
440,444,5
440,447,5
440,463,20
440,464,3
441,209,2
441,231,3
441,233,2
441,274,6
441,19,5
441,21,3
441,55,3
441,427,2
441,428,10
441,429,9
441,430,8
441,467,20
441,439,3
441,440,5
441,444,2
441,447,4
441,463,14
441,464,2
476,468,2
476,507,4
443,381,2
443,19,1
443,26,3
443,55,1
443,429,2
443,467,7
443,436,2
443,463,3
444,415,3
444,424,10
444,467,17
444,491,7
444,492,3
444,493,3
446,467,2
446,463,1
447,327,6
447,19,2
447,55,5
447,429,4
447,467,13
447,464,5
448,19,4
448,467,9
449,467,4
450,144,15
450,153,5
450,612,5
450,158,6
450,209,2
450,231,3
450,233,2
450,268,5
450,269,2
450,274,7
450,424,2
450,19,8
450,21,7
450,55,4
450,427,6
450,428,22
450,429,18
450,430,5
450,467,19
450,444,1
450,447,9
450,463,21
450,464,2
451,467,2
477,19,2
478,19,2
478,477,2
478,483,1
479,19,6
479,45,2
479,483,1
479,485,4
480,19,2
480,467,2
481,326,4
481,19,12
481,467,2
481,483,1
481,485,4
481,513,1
482,202,3
482,19,9
482,429,2
482,467,2
482,483,1
482,485,3
482,513,3
483,19,2
484,202,3
484,276,4
484,326,1
484,366,1
484,18,2
484,19,38
484,21,8
484,43,5
484,45,1
484,55,1
484,61,1
484,71,3
484,467,6
484,442,5
484,478,2
484,479,4
484,480,6
484,481,9
484,482,2
484,483,12
484,485,21
484,513,1
484,514,8
487,75,3
487,467,7
487,488,2
488,231,2
488,233,1
488,10,3
488,341,4
488,19,20
488,21,3
488,23,4
488,25,2
488,26,24
488,39,12
488,40,3
488,43,6
488,55,20
488,61,7
488,68,3
488,71,8
488,74,3
488,75,6
488,467,42
488,468,8
488,437,23
488,442,3
488,486,6
488,487,5
488,497,5
489,19,5
489,75,4
489,467,6
489,490,2
490,276,7
490,19,29
490,21,2
490,23,2
490,26,13
490,39,2
490,40,2
490,43,3
490,55,15
490,61,8
490,68,2
490,71,3
490,74,2
490,75,12
490,467,29
490,468,3
490,476,3
490,488,1
490,489,6
490,497,5
453,274,7
453,424,4
453,19,1
453,39,1
453,54,5
453,55,3
453,427,3
453,428,18
453,429,10
453,430,4
453,467,11
453,469,5
453,444,3
453,447,4
453,463,13
455,337,2
455,340,3
455,341,4
455,343,3
455,349,2
455,424,2
455,19,2
455,55,5
455,427,1
455,467,1
455,464,1
455,522,5
456,45,2
456,435,21
456,436,4
457,19,4
457,26,3
457,55,1
457,467,3
458,19,7
458,26,5
458,55,2
458,488,3
458,490,3
459,55,3
459,65,1
459,467,14
459,531,3
460,19,3
460,467,4
460,448,5
491,269,2
491,415,2
491,424,13
491,21,5
491,467,30
491,444,31
492,415,2
492,424,7
492,467,19
492,444,24
493,269,2
493,415,2
493,424,10
493,21,5
493,467,25
493,444,28
494,269,2
494,415,2
494,424,10
494,21,5
494,467,26
494,444,28
462,144,3
462,19,1
462,55,2
462,428,6
462,429,7
462,430,3
462,467,5
462,444,1
462,447,2
462,450,3
462,463,8
463,327,7
463,404,4
463,415,3
463,417,8
463,424,26
463,19,19
463,21,4
463,26,3
463,49,10
463,55,47
463,61,1
463,78,6
463,428,26
463,429,7
463,467,30
463,436,3
463,444,24
463,447,94
463,484,2
463,491,5
463,464,10
85,19,9
85,55,7
85,61,2
85,427,9
85,429,5
85,467,21
85,469,5
496,19,4
496,483,2
499,26,3
499,55,4
501,60,24
501,497,73
505,497,99
539,300,3
539,47,5
539,497,10
539,538,14
539,541,3
539,542,4
539,543,7
539,544,30
539,545,2
539,547,2
539,550,3
539,514,4
540,8,2
540,19,17
540,497,59
540,538,28
540,539,54
540,541,3
540,542,1
540,543,8
540,544,19
540,545,1
540,547,6
540,550,15
540,514,3
544,543,2
544,546,6
546,19,14
546,538,8
546,539,2
546,543,3
546,547,3
546,550,22
550,497,11
550,538,15
550,539,1
550,541,1
550,543,3
550,544,2
550,547,4
508,19,5
508,39,2
508,47,4
508,71,5
508,467,17
508,435,6
508,436,2
508,497,10
509,19,3
509,71,3
509,467,10
509,435,9
509,436,4
509,497,4
510,19,3
510,71,6
510,467,12
510,497,8
511,19,4
511,467,11
512,514,9
514,19,2
514,515,1
514,522,1
515,514,2
516,19,5
516,467,2
517,19,1
517,467,7
517,524,1
519,19,88
519,21,27
519,23,5
519,40,9
519,49,5
519,60,11
519,71,18
519,467,48
519,497,38
523,314,2
523,15,4
523,19,32
523,21,6
523,43,5
523,45,12
523,55,1
523,467,11
523,544,6
524,467,6
525,447,6
525,463,6
526,231,6
526,233,2
526,19,16
526,21,4
526,23,9
526,39,13
526,40,6
526,46,2
526,49,2
526,55,2
526,60,6
526,61,1
526,71,12
526,467,32
526,437,6
526,456,4
526,497,21
526,501,14
526,530,3
551,552,7
552,553,22
527,276,3
527,19,9
527,55,2
527,65,2
527,427,2
527,429,4
527,431,2
527,467,21
527,434,2
527,463,2
527,524,1
529,21,2
529,26,4
529,40,2
529,43,2
529,46,3
529,71,3
529,467,20
530,19,5
530,25,2
530,26,5
530,55,7
530,467,22
530,463,1
531,506,11
532,19,3
532,71,4
532,467,14
532,497,20
533,19,4
533,71,4
533,467,15
533,497,22
554,367,2
554,381,4
554,19,66
554,21,11
554,26,20
554,43,12
554,55,19
554,61,25
554,67,3
554,71,9
554,74,3
554,80,4
554,429,5
554,467,52
554,456,3
554,457,4
554,463,2
554,497,11
554,557,7
554,558,2
554,561,93
554,562,5
554,563,3
554,610,5
554,612,68
554,613,5
554,581,10
555,341,1
555,364,1
555,362,4
555,19,9
555,21,6
555,26,4
555,43,3
555,55,7
555,71,3
555,467,35
555,497,3
555,612,9
555,574,2
555,576,7
555,582,4
555,586,2
555,591,2
555,594,5
556,566,2
556,609,2
556,612,2
556,577,2
556,588,3
556,591,2
557,497,5
557,558,5
557,560,2
557,561,42
557,562,16
557,610,8
557,611,7
557,612,58
557,613,5
557,614,4
557,572,2
557,573,2
557,579,1
557,585,2
558,612,2
559,592,3
560,497,5
560,558,3
560,559,2
560,595,4
560,597,6
560,600,3
560,601,2
560,602,4
560,603,5
560,604,9
560,605,2
560,606,4
560,607,2
560,608,2
560,611,3
560,612,13
560,613,3
560,614,3
560,570,18
560,572,2
560,577,7
560,579,1
560,585,2
561,612,14
562,592,3
563,497,5
563,558,1
563,560,2
563,561,10
563,572,2
563,579,1
563,581,6
563,585,2
564,591,16
565,497,2
565,558,2
565,560,2
565,561,1
565,563,2
565,566,2
565,568,2
565,570,3
565,572,4
565,574,1
565,576,2
565,577,3
565,579,1
565,583,4
565,585,4
565,586,2
565,588,2
565,591,4
565,593,1
566,600,2
567,592,3
568,497,181
568,566,3
568,567,30
568,595,3
568,596,2
568,597,13
568,598,5
568,599,17
568,600,8
568,601,5
568,602,5
568,603,13
568,604,41
568,605,5
568,606,5
568,607,3
568,608,2
568,570,2
568,572,2
568,585,2
568,590,3
568,591,7
595,603,2
596,600,1
597,603,2
598,600,1
599,600,1
601,596,1
602,597,3
602,603,1
603,600,1
604,497,5
604,603,2
605,596,1
606,597,2
607,600,1
608,600,1
609,612,2
610,612,7
611,609,2
613,497,2
613,612,2
614,609,2
570,600,4
571,592,3
572,497,12
572,595,2
572,598,4
572,599,4
572,600,14
572,601,1
572,602,6
572,604,6
572,605,1
572,606,6
572,607,1
572,608,1
572,569,102
572,570,7
572,571,16
572,583,82
572,585,8
572,615,6
572,616,6
572,617,6
572,618,6
572,619,1
572,620,1
572,621,11
572,622,2
572,623,3
572,624,5
572,625,3
572,626,2
572,627,3
572,628,2
572,629,8
572,630,8
572,631,3
572,633,6
572,634,13
572,635,10
572,590,1
572,591,7
574,497,2
574,612,4
575,592,3
576,43,4
576,497,9
576,535,1
576,568,2
576,609,1
576,610,5
576,611,3
576,612,21
576,613,3
576,614,3
576,574,23
576,579,1
576,586,6
576,588,2
576,590,1
576,591,4
576,594,14
577,497,2
577,612,3
578,592,3
579,497,9
579,611,1
579,612,6
579,613,5
579,614,1
579,577,4
579,578,8
579,580,3
579,590,3
580,497,9
581,497,13
581,557,7
581,558,1
581,560,2
581,561,76
581,562,2
581,612,38
581,572,2
581,579,1
581,585,2
581,636,2
581,592,6
582,497,2
582,576,2
582,586,1
582,591,1
583,634,4
584,592,3
585,497,197
585,583,5
585,584,56
585,589,14
585,615,3
585,616,3
585,621,3
585,630,7
585,633,3
585,634,74
585,592,4
586,612,2
587,592,3
588,497,4
588,566,12
588,595,3
588,598,3
588,599,3
588,601,2
588,602,3
588,604,3
588,605,2
588,606,3
588,607,2
588,608,2
588,609,5
588,610,7
588,611,3
588,612,29
588,613,4
588,614,3
588,577,7
588,586,1
588,587,10
588,591,12
615,634,2
616,634,2
617,634,1
618,634,1
619,634,1
620,634,1
621,634,1
622,634,1
623,634,1
624,634,1
625,634,1
626,634,1
627,634,1
628,634,1
629,634,1
630,497,6
630,634,1
631,634,1
632,634,1
633,497,4
633,634,1
634,617,1
634,618,1
634,619,1
634,620,1
634,622,1
634,623,1
634,624,1
634,625,1
634,626,1
634,627,1
634,628,1
634,629,1
634,631,1
634,632,1
634,635,1
635,634,1
590,497,19
590,561,12
590,564,1
590,565,9
590,574,2
590,586,3
590,591,18
590,592,2
590,593,36
593,497,2
593,558,2
593,561,1
593,566,2
593,570,3
593,574,1
593,577,3
593,583,4
593,586,2
593,591,4
594,612,2
594,574,1
637,204,44
637,205,96
637,417,5
637,424,5
637,19,16
637,467,2
637,463,3
638,612,1
638,218,4
638,570,4
638,419,4
638,639,9
640,94,3
640,95,4
640,117,11
640,145,2
640,147,5
640,612,4
640,166,3
640,169,4
640,218,23
640,385,8
640,497,2
642,219,20
643,228,2
641,638,1
641,642,1
641,643,1
644,287,6
644,314,2
649,651,2
649,652,2
657,367,2
657,19,19
657,49,2
657,467,4
657,518,5
661,657,2
661,660,38
663,662,4
664,19,2
664,706,5
645,360,3
645,19,6
645,61,1
665,276,2
665,19,2
665,427,2
665,467,2
665,474,4
665,681,3
668,19,2
668,477,2
670,715,2
672,715,2
676,715,2
677,637,1
677,641,2
677,644,1
677,653,2
677,645,1
677,665,1
677,720,1
677,721,1
677,722,1
677,724,1
679,366,3
679,19,2
680,467,2
680,459,2
681,19,5
681,26,3
681,61,3
681,429,2
681,467,2
682,715,2
683,715,2
686,715,2
687,715,2
688,715,2
689,19,10
689,21,4
689,61,2
689,71,4
689,484,1
689,673,2
691,21,5
691,79,5
691,429,3
691,675,5
692,339,5
692,362,7
692,19,5
692,55,2
692,69,6
692,498,2
693,45,56
694,19,3
694,467,6
694,463,4
695,534,15
696,367,7
696,19,3
696,55,6
696,71,6
696,467,6
697,276,3
697,19,5
697,35,2
697,39,6
697,55,1
697,61,3
697,467,2
697,484,1
697,706,19
698,276,4
698,19,8
698,484,4
698,668,2
698,706,8
699,19,11
699,71,3
699,467,5
699,459,14
700,276,2
700,19,2
700,706,4
701,276,5
701,19,2
701,706,4
702,314,2
702,19,2
702,706,3
703,276,9
703,19,3
703,61,8
703,484,1
703,706,9
704,276,3
704,326,4
704,19,21
704,21,3
704,26,2
704,35,6
704,45,13
704,47,6
704,55,1
704,71,5
704,429,3
704,467,5
704,484,1
704,706,19
705,19,3
705,21,7
705,706,19
706,326,3
706,19,8
706,47,4
706,463,1
707,22,15
708,19,2
708,706,4
709,19,5
709,21,2
709,35,11
709,71,2
710,19,2
710,706,60
711,19,6
711,45,19
711,484,4
711,498,2
711,706,2
712,19,8
712,21,1
712,39,2
712,55,1
712,57,12
712,61,8
712,71,3
713,19,5
713,55,2
713,61,3
713,71,1
713,467,17
714,19,5
714,75,13
714,484,1
715,276,4
715,15,1
715,19,8
715,21,7
715,35,2
715,484,1
715,673,2
716,276,4
716,19,6
716,55,1
716,61,1
717,684,2
720,497,201
725,536,43
721,19,12
721,45,13
721,513,1
722,314,8
724,276,2
724,314,2
724,19,3
724,71,12
724,467,6
724,523,6
726,497,7
727,497,7
728,497,19
728,590,9
728,591,3
728,727,3
729,497,17
729,571,1
729,590,32
729,591,3
729,726,3
730,15,5
730,45,7
