1,2,2
1,389,2
1,398,3
1,416,3
1,417,3
1,406,6
1,411,3
1,414,3
2,3,4
2,507,11
2,409,4
2,411,4
4,5,2
4,389,2
4,406,5
4,411,2
5,507,4
5,410,4
6,7,2
6,8,2
6,389,2
6,411,3
7,507,3
7,409,4
7,411,3
8,507,4
8,410,3
9,389,2
9,398,3
9,416,3
9,417,3
9,406,5
9,411,3
9,414,2
10,11,2
10,389,2
10,398,3
10,416,3
10,417,3
10,406,6
10,411,3
10,414,3
11,259,4
11,507,11
11,409,4
11,411,4
13,14,2
13,15,2
13,389,2
13,417,3
13,406,6
13,411,3
15,14,1
15,507,9
15,409,4
15,411,3
16,507,1
16,409,2
16,411,1
17,18,2
17,389,2
17,398,3
17,416,3
17,417,3
17,406,6
17,411,3
17,414,3
18,257,4
18,507,11
18,409,4
18,411,4
20,507,12
20,409,5
20,411,5
21,507,7
21,410,4
22,507,10
22,409,4
22,411,4
23,507,4
23,410,4
24,25,2
24,389,2
24,416,3
24,417,3
24,406,6
24,411,3
24,414,6
25,254,6
25,507,11
25,409,4
25,411,5
28,29,1
28,507,5
28,409,4
28,411,3
28,467,4
30,29,2
30,507,6
30,409,4
30,411,3
30,467,4
31,507,7
31,409,4
31,411,3
31,467,3
32,33,2
32,34,2
32,35,2
32,36,2
32,389,2
32,406,6
32,411,3
34,392,3
35,33,1
35,507,9
35,409,4
35,411,3
36,266,5
36,507,10
36,409,4
36,411,3
38,404,4
38,507,6
39,404,4
39,507,2
40,404,5
40,507,4
41,42,2
41,389,2
41,416,3
41,417,3
41,405,2
41,406,3
41,411,3
42,507,21
42,409,4
42,411,3
43,8,4
43,507,4
44,11,4
44,417,4
44,507,3
44,409,1
45,13,2
45,389,4
45,507,3
45,411,5
46,16,1
46,417,3
46,507,3
46,409,3
46,410,2
46,411,1
47,17,5
47,389,3
47,507,3
47,411,5
48,20,50
48,507,14
48,411,2
48,413,3
49,21,50
49,507,14
50,22,20
50,507,9
50,411,2
50,413,3
51,23,20
51,507,9
52,28,4
52,29,1
52,507,19
52,409,4
52,411,3
52,413,3
52,467,5
53,29,2
53,30,4
53,507,9
53,413,3
53,467,3
54,31,4
54,507,15
54,409,4
54,411,3
54,413,3
54,467,1
55,32,12
55,33,6
55,34,9
55,507,13
55,411,10
56,33,1
56,266,1
57,38,5
57,404,2
57,407,4
57,507,5
57,411,1
57,413,3
58,39,3
58,404,2
58,407,4
58,507,2
58,411,1
58,413,3
59,28,1
59,40,3
59,404,2
59,407,4
59,507,12
59,409,3
59,411,2
59,413,2
60,41,2
60,389,3
60,507,3
60,411,5
61,62,1
62,63,1
62,422,2
64,62,1
64,63,3
64,65,1
64,67,1
64,422,3
65,422,11
65,423,31
66,61,3
66,62,3
66,63,1
66,389,3
66,403,1
66,415,1
66,405,1
66,412,1
66,421,5
66,422,6
66,423,13
66,454,9
66,484,4
66,542,4
66,543,3
66,570,4
66,581,4
67,422,8
67,423,19
69,65,6
69,68,4
70,66,8
70,389,2
70,405,3
70,504,4
70,542,3
70,543,3
70,556,2
70,570,4
71,67,5
71,68,4
72,73,1
73,74,1
73,155,2
77,78,5
77,133,7
77,134,3
79,90,1
79,134,3
79,136,2
79,556,6
80,83,36
80,84,2
80,374,3
80,89,1
80,134,10
80,136,6
80,421,4
80,422,16
80,423,44
81,83,4
81,374,1
81,374,5
82,80,5
82,83,3
82,89,1
82,134,3
84,374,2
84,134,2
84,422,3
85,80,1
85,88,14
85,89,4
85,422,3
85,423,4
86,79,4
86,80,1
86,90,1
86,134,3
86,389,3
86,503,3
86,504,5
86,556,6
374,83,2
88,80,14
88,83,1
88,89,1
88,132,2
88,134,2
88,422,11
88,423,29
90,134,2
90,556,3
91,80,6
91,83,3
91,89,1
91,134,4
92,79,2
92,80,2
92,90,1
92,134,1
92,389,4
92,484,13
92,504,5
92,556,10
92,605,5
92,606,5
92,609,3
92,612,11
92,588,3
93,80,4
93,83,3
93,89,3
94,79,2
94,80,3
94,90,1
94,134,1
94,389,3
94,484,5
94,504,11
94,509,3
94,510,6
94,556,6
94,581,5
95,80,2
95,93,1
95,94,1
95,484,5
95,551,10
95,556,4
96,80,7
96,83,2
96,374,2
96,89,4
96,134,4
78,84,7
78,374,4
78,90,9
78,98,5
78,113,2
78,125,3
78,134,11
78,135,2
78,389,5
78,453,5
78,454,5
78,618,5
78,619,2
78,631,3
97,78,4
97,101,4
97,103,4
97,105,4
97,119,4
97,130,16
97,134,4
98,100,7
98,112,2
98,134,3
100,112,5
101,84,4
101,78,6
101,112,9
101,134,1
101,422,2
101,454,1
102,78,3
102,98,1
102,112,3
103,78,4
103,112,4
103,454,3
104,78,4
104,112,4
104,453,3
105,78,6
105,109,5
105,112,6
105,134,8
105,389,2
105,454,9
105,618,2
106,78,5
106,112,8
106,134,2
106,453,1
107,78,3
107,112,4
107,389,2
108,78,3
108,112,3
108,134,1
109,78,6
109,112,6
109,134,8
109,389,2
109,454,13
109,458,2
109,618,2
110,78,4
110,112,4
110,453,3
110,618,2
111,78,3
111,112,3
111,454,3
112,78,7
112,98,4
112,100,2
112,134,2
112,136,2
113,90,4
113,78,4
113,112,4
113,422,2
113,453,9
113,542,5
113,543,5
113,556,2
113,570,1
113,618,2
114,84,3
114,78,6
114,112,8
114,134,1
114,389,3
114,507,4
114,411,5
114,419,1
114,422,3
114,423,6
115,78,3
115,98,1
115,99,8
115,100,4
115,112,1
115,116,7
116,78,4
116,99,4
116,100,23
116,112,7
116,134,2
116,136,10
117,78,3
117,98,1
117,99,9
117,100,5
117,112,2
117,116,5
117,121,4
118,78,3
118,98,1
118,99,7
118,100,11
118,112,2
118,116,3
119,78,3
119,98,1
119,99,7
119,100,10
119,112,2
119,116,3
120,78,3
120,98,1
120,99,7
120,100,12
120,112,3
120,116,1
120,121,4
121,78,3
121,98,1
121,99,7
121,100,11
121,112,4
121,116,3
122,78,3
122,112,3
123,78,3
123,112,1
123,124,2
124,78,3
124,112,1
124,122,2
125,90,2
125,78,3
125,112,1
125,113,2
126,78,2
126,112,1
126,128,2
126,425,2
126,430,3
126,453,3
127,78,2
127,128,2
128,90,2
128,78,3
128,112,2
128,113,2
129,78,3
129,112,5
129,134,1
130,89,4
130,78,3
130,112,32
130,122,2
130,134,1
131,90,2
131,78,2
131,113,2
132,80,4
132,84,4
132,78,5
132,112,8
132,134,4
132,422,5
132,423,5
133,78,4
133,112,10
133,121,4
133,130,34
133,134,1
134,136,4
76,73,5
76,74,4
76,151,1
76,155,2
137,139,3
138,137,4
138,139,6
138,140,3
138,141,9
138,146,5
138,149,4
138,556,3
138,566,3
138,570,4
138,584,4
140,139,1
140,503,2
140,556,2
142,137,2
142,138,5
142,139,1
142,140,1
142,141,4
142,144,3
142,145,5
142,148,3
142,149,2
142,543,3
142,570,2
143,139,8
144,137,2
144,139,7
145,139,8
146,422,1
146,425,3
146,426,4
146,569,1
146,570,2
147,453,6
147,484,5
147,487,6
147,618,3
147,619,2
147,641,8
148,139,3
148,140,2
148,415,3
148,503,2
148,504,6
148,556,2
149,139,3
149,146,4
149,566,4
149,570,2
149,584,3
150,484,13
150,556,3
150,605,5
150,606,5
150,609,3
150,612,11
150,588,3
151,72,3
151,73,2
151,74,2
151,150,2
151,152,8
151,154,12
151,155,20
151,156,16
151,157,28
151,389,4
151,415,3
151,421,4
151,422,12
151,423,63
151,453,9
151,454,11
151,504,5
151,542,5
151,543,6
151,556,8
151,570,1
151,618,1
151,619,2
152,74,2
152,639,5
154,639,4
154,556,4
155,639,5
155,153,3
155,154,5
155,156,5
155,157,5
155,389,6
155,618,4
156,153,16
156,157,29
162,78,2
162,113,1
162,125,2
160,77,26
160,80,1
160,83,2
160,89,2
160,91,4
160,78,13
160,98,1
160,100,5
160,112,1
160,162,5
160,453,34
160,454,13
160,486,5
160,487,4
161,77,12
161,112,10
161,130,14
161,133,12
163,91,1
163,137,3
163,138,6
163,139,2
163,140,2
163,141,39
163,144,3
163,145,5
163,148,3
163,149,4
163,160,2
163,543,4
163,619,2
173,174,2
173,175,6
173,177,2
174,175,16
175,174,26
175,176,2
175,177,4
175,178,2
175,618,2
175,620,2
175,621,2
175,622,2
176,173,17
176,174,6
176,175,2
176,177,7
176,620,3
177,173,17
177,174,5
177,175,4
177,621,2
178,622,2
179,175,20
179,618,24
179,620,13
179,621,10
173,166,7
173,168,2
173,174,2
166,164,5
166,167,2
166,168,2
166,169,2
166,174,25
166,618,2
166,620,2
166,621,4
166,622,2
167,173,17
167,166,2
167,168,7
167,174,5
167,620,3
168,173,17
168,166,4
168,174,5
168,621,2
169,622,2
174,166,19
171,166,12
171,618,15
171,620,9
171,621,7
180,181,1
182,195,1
183,507,2
184,182,1
184,195,3
185,180,2
185,181,9
185,182,5
185,183,5
185,568,11
185,190,2
185,192,2
185,194,38
185,195,11
185,389,7
185,507,3
185,411,11
185,641,6
186,183,1
186,507,2
187,188,3
187,568,1
187,194,2
187,197,12
187,507,3
187,453,2
187,556,4
188,197,12
188,453,4
188,484,7
188,509,6
188,510,5
188,533,5
188,556,8
568,194,1
568,507,2
190,183,1
190,507,3
191,181,1
192,182,1
192,195,2
193,184,6
193,195,3
195,507,15
196,389,4
196,507,20
196,411,8
196,422,3
196,453,8
196,488,7
196,493,10
196,497,6
198,182,1
198,185,124
198,186,4
198,187,58
198,568,1
198,190,16
198,191,2
198,192,9
198,194,3
198,195,2
198,197,7
198,389,18
198,399,2
198,415,23
198,507,39
198,411,21
198,412,12
198,422,21
198,423,21
198,453,8
198,454,20
198,484,17
198,503,3
198,504,62
198,533,7
198,542,21
198,543,11
198,546,4
198,551,6
198,556,15
198,560,7
198,570,5
198,606,7
198,609,3
198,612,9
198,581,7
198,631,10
199,389,5
199,415,9
199,507,4
199,411,5
199,419,3
199,422,6
199,423,7
199,453,18
199,454,6
199,484,5
199,487,5
199,502,7
199,503,5
199,504,2
199,524,3
199,542,13
199,543,5
199,556,5
199,570,6
200,199,15
200,503,3
201,204,1
201,205,2
201,389,23
201,401,3
201,507,17
201,409,7
201,411,14
202,203,4
202,389,3
202,507,10
202,411,8
202,422,7
202,423,1
202,425,2
202,453,4
202,484,21
202,486,2
202,487,6
202,488,5
202,492,3
202,493,2
202,496,5
202,497,7
202,539,2
202,543,5
202,556,2
202,570,6
202,571,7
203,389,2
203,405,2
203,406,3
203,507,7
203,411,6
205,204,3
205,507,13
205,409,4
205,411,3
206,202,10
206,203,1
206,389,4
206,403,2
206,415,3
206,405,4
206,406,2
206,419,1
206,422,10
206,423,12
206,454,8
206,503,2
206,504,5
206,539,2
206,543,3
206,556,4
206,570,4
206,618,8
206,631,6
207,203,6
207,206,1
207,397,3
207,398,3
207,405,2
207,406,4
207,507,21
207,411,6
207,413,3
208,453,12
208,474,1
208,484,4
208,486,6
208,487,5
208,571,7
208,618,5
208,619,2
209,453,9
209,532,15
210,453,6
210,484,4
210,487,9
210,641,7
211,403,2
211,454,7
211,618,3
211,619,2
212,453,11
212,484,5
212,486,7
212,487,6
212,571,7
212,618,5
212,619,2
213,519,2
213,571,1
214,389,7
214,507,10
214,411,18
214,503,15
214,504,17
214,556,5
501,500,1
503,507,11
218,500,2
218,501,4
218,503,43
218,219,112
218,220,11
218,507,80
218,508,2
218,389,4
218,403,1
218,507,11
218,411,3
218,421,6
218,484,26
218,509,27
218,510,13
218,536,4
218,545,7
218,551,8
218,555,2
218,556,26
218,561,2
218,581,5
218,588,2
218,640,3
220,500,28
220,219,1
220,507,12
220,508,6
220,484,1
220,640,1
223,208,16
223,403,2
223,422,9
223,423,31
223,453,17
223,454,6
223,484,7
223,519,2
223,539,4
223,543,12
223,570,3
223,571,3
223,581,7
223,618,2
223,631,3
224,209,31
224,412,2
224,422,13
224,423,19
224,454,6
224,484,9
224,509,4
224,510,5
224,532,9
224,542,20
224,543,3
224,556,1
224,557,6
224,560,3
224,570,9
224,581,8
224,631,4
225,213,23
225,484,1
225,509,2
225,510,1
225,519,3
225,520,1
225,551,1
225,556,1
225,571,40
225,581,1
226,212,12
226,403,2
226,422,8
226,423,25
226,453,10
226,454,6
226,484,5
226,519,3
226,539,3
226,543,9
226,570,2
226,571,4
226,581,5
226,618,2
226,631,3
227,214,3
227,389,4
227,393,3
227,398,3
227,416,3
227,417,3
227,411,3
227,503,6
227,504,1
227,556,2
228,503,11
228,218,57
228,389,12
228,399,3
228,403,3
228,415,10
228,507,11
228,409,5
228,411,5
228,412,7
228,421,4
228,510,6
228,536,12
228,551,2
228,555,3
228,556,18
228,561,2
228,581,3
228,588,2
229,232,7
229,453,4
229,509,4
229,532,11
230,453,2
230,509,4
230,510,5
230,519,2
230,556,13
230,570,2
230,571,2
231,453,13
231,484,13
231,486,11
231,487,10
231,532,1
232,509,4
232,532,3
233,389,4
233,507,5
233,411,4
233,453,5
233,484,14
233,487,4
233,509,6
233,510,9
233,519,1
233,534,3
233,537,4
233,556,8
233,570,1
233,571,4
233,572,2
233,581,4
233,641,11
235,389,6
235,415,3
235,507,2
235,411,3
235,422,8
235,453,16
235,484,5
235,488,5
235,509,3
235,510,6
235,519,2
235,542,5
235,543,4
235,556,9
235,570,1
235,571,3
235,581,4
235,641,11
236,235,11
236,389,5
236,453,2
236,509,2
236,510,5
236,556,3
237,389,3
237,507,2
237,411,3
237,484,3
237,509,3
237,510,6
237,543,1
237,556,2
237,581,4
234,453,4
234,484,7
234,486,4
234,532,1
238,229,51
238,232,45
238,234,4
238,412,2
238,422,8
238,423,25
238,453,3
238,454,7
238,484,3
238,509,45
238,532,2
238,560,3
238,631,4
239,231,18
239,415,3
239,422,17
239,423,19
239,453,6
239,454,7
239,484,7
239,486,7
239,542,21
239,543,4
239,570,5
239,581,3
239,631,5
240,242,1
240,247,2
241,242,1
243,241,1
243,242,3
243,244,1
243,245,2
243,453,2
243,484,7
243,534,2
243,547,7
244,242,2
245,242,5
245,453,3
245,484,10
245,534,5
246,241,1
246,242,3
246,243,4
246,244,1
246,453,3
246,484,7
246,509,4
246,510,4
246,547,1
246,556,7
246,608,4
246,609,4
246,610,2
246,612,3
246,581,4
246,645,2
248,240,1
248,243,11
248,246,6
248,403,2
248,422,5
248,423,7
248,454,7
248,484,4
248,542,2
248,543,5
248,570,2
248,606,4
248,609,2
248,631,4
249,246,3
249,403,2
249,422,8
249,423,13
249,454,8
249,484,3
249,542,3
249,543,4
249,570,1
249,605,4
249,606,1
249,609,1
249,612,1
249,631,4
250,251,2
253,250,86
253,251,137
254,250,71
254,251,224
255,250,221
255,251,306
256,250,187
256,251,341
257,250,291
257,251,419
258,250,73
258,251,194
259,250,60
259,251,190
260,250,399
260,251,289
261,250,165
261,251,508
262,250,699
262,251,553
263,250,88
263,251,99
402,250,139
402,251,236
265,250,386
265,251,263
266,250,275
266,251,167
267,250,405
267,251,292
268,250,102
268,251,100
251,250,28
252,251,4
269,270,2
269,389,1
269,398,2
269,416,2
269,417,2
269,406,3
269,411,2
270,251,5
270,507,12
270,409,4
270,411,3
271,269,2
271,270,4
271,389,3
271,507,13
271,411,5
273,272,1
273,453,4
273,484,6
273,487,4
274,272,1
275,272,2
275,276,17
275,277,3
275,278,4
275,412,2
275,422,12
275,423,25
275,453,14
275,454,17
275,484,11
275,509,9
275,510,8
275,542,4
275,543,8
275,556,3
275,570,1
275,581,5
275,618,4
275,641,6
277,276,5
277,641,3
279,273,21
279,275,6
279,412,2
279,422,17
279,423,31
279,453,14
279,454,11
279,618,2
279,631,5
280,274,3
280,275,5
280,631,4
281,273,2
281,275,14
281,403,2
281,422,6
281,423,13
281,435,2
281,453,8
281,454,6
281,618,3
281,631,5
281,799,3
501,500,1
503,507,11
504,500,2
504,501,4
504,503,41
504,505,53
504,506,11
504,507,72
504,508,2
504,290,3
504,293,6
504,295,3
504,296,3
504,297,3
504,301,3
504,302,34
504,303,3
504,304,3
504,411,1
506,500,22
506,505,1
506,507,12
506,508,6
506,290,1
506,293,1
506,295,1
506,296,1
506,297,1
506,301,1
506,302,1
506,303,1
506,304,1
506,411,1
290,291,1
290,292,3
290,300,1
290,509,3
290,556,2
291,305,5
291,484,3
291,612,4
291,581,4
292,291,1
292,302,8
293,291,2
293,292,6
293,294,9
293,299,11
293,302,2
293,453,3
293,556,8
293,606,4
293,609,3
294,299,1
295,291,2
295,292,1
295,297,3
295,302,10
295,556,3
296,291,1
296,292,3
296,300,1
296,509,5
296,510,5
296,556,3
297,291,1
297,292,5
297,294,6
297,299,1
297,300,1
297,302,3
297,509,3
297,556,2
298,291,2
298,294,1
298,299,4
298,300,1
298,302,4
298,453,3
298,484,4
298,509,3
298,556,5
299,291,4
299,302,1
299,453,5
299,484,4
299,487,2
299,556,5
299,606,3
299,608,3
299,609,7
299,612,2
300,509,3
300,510,6
300,556,3
301,298,5
301,453,3
301,484,7
301,487,5
302,291,2
302,509,3
302,510,2
302,556,8
303,298,5
303,453,3
303,484,7
303,487,4
304,298,5
304,453,3
304,484,6
304,487,5
306,504,2
306,291,2
306,302,2
306,308,3
306,539,2
306,543,3
306,556,2
306,570,4
307,503,3
307,504,2
307,302,3
308,389,2
308,412,2
308,422,5
308,423,7
308,454,6
308,618,3
308,631,3
309,307,1
310,291,2
310,306,5
310,308,3
311,291,4
311,306,10
311,307,1
311,308,6
312,389,4
312,412,2
312,422,8
312,423,13
312,424,3
312,454,7
312,502,4
312,504,1
312,542,5
312,543,4
312,556,2
312,570,1
312,631,4
313,389,4
313,412,2
313,422,8
313,423,13
313,424,3
313,454,7
313,502,4
313,504,1
313,542,5
313,543,4
313,556,2
313,570,1
313,631,4
315,318,11
316,318,140
317,312,6
317,314,3
317,316,1
319,313,4
319,315,3
319,316,1
320,312,6
320,314,2
320,316,2
321,313,10
321,315,2
321,316,2
322,312,8
322,314,2
322,316,1
323,313,8
323,315,2
323,316,1
324,312,17
324,314,13
324,316,1
324,318,7
325,313,17
325,315,13
325,316,1
325,318,8
326,327,10
326,507,8
326,410,6
326,411,1
327,326,10
327,507,3
328,326,59
328,507,83
329,331,2
329,389,2
329,415,4
329,507,2
329,411,2
329,422,2
329,484,6
329,509,4
329,510,5
329,542,3
329,543,4
329,556,4
329,570,2
329,581,7
329,619,3
330,331,4
330,389,2
330,507,2
330,411,2
330,422,4
330,484,8
330,509,4
330,510,5
330,542,7
330,543,4
330,556,2
330,570,3
330,581,9
330,619,3
331,389,2
331,415,3
331,422,7
331,423,13
331,454,12
341,229,4
341,232,3
341,342,1
341,334,2
341,335,5
341,337,2
341,509,2
341,532,3
342,334,5
342,337,5
342,338,5
342,509,14
342,510,6
342,556,4
343,230,4
343,334,7
343,337,2
343,338,6
343,556,5
344,334,2
344,335,2
344,336,4
344,337,2
344,338,3
344,339,4
344,514,3
344,532,5
344,556,2
344,557,3
345,334,3
345,336,4
345,337,2
345,338,2
345,517,3
345,556,4
346,229,1
346,231,12
346,232,1
346,334,4
346,335,2
346,337,6
346,509,1
346,532,2
347,334,6
347,335,4
347,337,2
347,338,5
347,532,2
347,533,4
347,556,4
348,233,6
348,334,8
348,337,2
348,338,2
348,389,3
348,556,3
349,236,9
349,334,7
349,337,4
349,338,2
349,389,4
349,507,3
349,411,4
349,556,3
350,337,2
350,338,2
350,544,3
350,556,2
351,334,4
351,335,2
351,337,2
351,532,2
351,560,3
352,358,2
352,337,2
352,556,2
353,352,1
353,358,3
353,334,4
353,337,2
353,556,1
353,605,4
353,609,3
354,352,1
354,358,3
354,334,3
354,337,2
354,606,4
354,609,5
355,352,1
355,358,4
355,334,6
355,337,2
355,556,1
355,607,4
355,609,4
356,352,1
356,358,3
356,334,2
356,337,2
356,556,1
356,608,4
356,609,6
357,352,1
357,334,4
357,337,4
357,389,4
357,507,3
357,411,4
357,484,3
357,556,1
357,608,4
357,609,4
357,612,4
358,337,2
358,338,2
358,609,2
359,358,5
359,337,5
359,556,2
359,609,2
360,352,1
360,334,4
360,337,2
360,484,3
360,556,1
360,609,2
360,612,4
361,334,4
361,337,2
361,338,2
361,484,3
361,556,3
361,581,4
362,234,4
362,334,3
362,335,2
362,337,2
362,389,4
362,507,4
362,411,4
362,484,5
362,532,2
363,334,6
363,337,2
363,338,2
363,389,4
363,507,4
363,411,4
363,484,5
363,509,5
363,510,6
363,556,3
363,581,3
364,334,3
364,337,4
364,338,2
364,503,3
364,504,4
364,556,4
332,342,3
332,344,3
332,345,3
332,347,3
332,350,2
332,351,2
332,353,4
332,354,4
332,355,4
332,356,4
332,357,4
332,359,9
332,360,3
332,361,2
332,363,3
332,364,3
332,335,1
332,336,5
332,337,7
332,338,2
332,339,17
332,389,3
332,504,3
332,556,3
333,341,3
333,343,3
333,346,2
333,348,3
333,349,3
333,362,3
333,332,10
333,336,3
333,339,3
333,389,2
333,504,2
334,337,15
335,337,1
335,532,2
336,335,7
336,337,3
336,532,2
338,337,1
338,556,2
339,337,3
339,338,7
339,556,2
340,334,1
365,332,2
365,333,2
365,337,11
365,389,2
365,415,3
365,422,7
365,423,13
365,453,4
365,454,6
365,504,3
365,542,7
365,543,5
365,556,21
365,570,2
365,618,2
365,631,3
366,332,2
366,333,2
366,337,1
366,340,7
366,389,2
366,415,3
366,422,4
366,423,7
366,454,7
366,504,3
366,542,3
366,543,5
366,556,2
366,570,1
366,631,4
367,453,5
367,484,4
367,618,3
367,619,2
368,421,4
368,422,8
368,423,15
374,373,1
374,375,79
374,376,14
374,503,18
374,378,2
374,379,7
374,380,1
374,507,55
376,375,1
376,379,41
376,507,12
376,508,6
503,507,11
378,374,7
378,503,2
378,508,2
381,373,2
381,374,6
369,374,7
369,421,6
369,422,10
369,423,32
370,368,1
370,415,3
370,454,8
371,369,5
371,415,3
371,422,5
371,453,7
371,454,9
371,484,10
371,487,18
372,389,2
372,415,3
372,422,5
372,446,4
372,453,6
372,504,5
372,542,9
372,543,3
372,556,3
372,570,4
384,385,2
384,387,2
384,474,3
384,486,1
385,474,1
385,475,2
386,387,2
386,619,3
386,620,1
387,620,2
389,411,2
390,507,3
390,409,3
390,411,2
392,507,8
392,410,4
393,507,5
393,409,3
393,411,2
394,389,3
394,395,4
394,410,3
394,411,2
395,507,6
395,410,4
396,507,4
396,409,4
396,411,3
397,392,2
398,507,4
398,409,3
398,411,2
399,397,2
400,389,13
400,411,2
401,402,6
401,507,5
401,409,3
401,411,2
403,389,3
403,399,4
403,410,3
403,411,2
404,507,5
404,410,2
415,389,3
415,398,4
415,416,4
415,417,10
415,405,1
415,406,5
415,411,4
415,414,2
416,418,4
416,507,9
416,409,4
416,411,3
417,415,1
417,418,17
417,507,13
417,410,7
417,411,1
418,507,3
405,389,3
405,399,4
405,406,6
405,410,2
405,411,3
405,414,2
406,391,10
406,507,7
406,409,4
406,411,5
407,404,3
407,507,3
407,409,3
407,411,2
507,467,6
507,492,1
409,411,4
410,411,1
411,507,8
411,467,4
412,389,3
412,410,3
412,411,2
412,413,4
413,392,2
419,423,28
419,424,1
420,555,1
420,561,1
422,419,2
422,423,8
422,424,39
422,453,1
422,542,1
422,570,1
423,411,7
423,419,58
423,424,1
423,454,1
423,640,7
424,411,2
425,426,1
427,425,1
427,426,2
428,425,1
428,426,6
430,425,1
430,426,5
431,422,3
431,453,4
431,469,17
431,470,15
431,474,14
431,475,4
431,484,2
431,486,4
431,487,4
431,488,1
431,492,2
431,618,4
431,619,2
431,620,4
432,616,6
432,618,9
432,620,15
432,621,2
432,622,2
433,473,3
433,618,7
433,620,5
433,621,16
434,435,1
434,454,14
434,459,15
434,460,1
434,618,2
436,461,5
436,620,8
437,462,3
437,621,16
438,435,7
438,448,3
438,449,5
438,453,15
438,454,2
438,455,1
438,465,2
438,469,1
438,470,30
438,474,1
438,483,5
438,618,8
438,622,7
438,624,4
439,389,9
439,507,23
439,411,6
439,422,8
439,424,28
439,433,5
439,435,4
439,437,5
439,440,38
439,441,9
439,445,12
439,451,16
439,454,18
439,462,2
439,467,6
439,473,2
439,484,8
439,489,4
439,491,9
439,498,5
439,571,4
439,615,3
439,618,15
439,620,8
439,621,51
439,634,29
441,422,3
441,424,9
441,440,40
441,618,5
441,620,7
441,621,7
443,494,3
443,496,2
443,497,1
444,411,5
444,419,35
444,422,16
444,423,62
444,424,7
444,425,2
444,426,14
444,435,6
444,440,34
444,441,5
444,442,4
444,445,6
444,615,4
444,616,2
444,618,6
444,620,61
445,422,4
445,424,20
445,440,2
445,441,4
445,444,1
445,618,4
445,620,2
445,621,26
445,634,3
446,422,2
446,425,2
446,435,5
446,453,49
446,484,4
446,486,12
446,487,10
446,488,2
446,492,11
446,496,2
446,618,2
449,435,3
449,439,3
449,447,1
449,448,4
449,450,6
449,451,3
449,469,12
449,470,26
449,618,7
450,451,6
451,469,2
452,389,7
452,422,3
452,435,18
452,453,8
452,454,32
452,480,1
452,483,2
452,484,1
452,618,6
452,619,3
452,624,17
453,422,3
453,425,2
453,432,7
453,435,23
453,438,1
453,448,2
453,454,2
453,470,8
453,483,5
453,484,5
453,486,9
453,487,2
453,488,2
453,492,3
453,496,2
453,571,2
453,615,3
453,618,20
453,619,6
453,620,3
453,622,2
453,624,5
454,389,17
454,422,5
454,433,5
454,434,2
454,435,42
454,439,61
454,448,4
454,449,36
454,451,5
454,453,19
454,455,1
454,456,2
454,457,5
454,458,13
454,459,142
454,460,7
454,469,94
454,470,73
454,473,14
454,474,4
454,484,7
454,486,4
454,571,5
454,615,4
454,618,17
454,619,5
454,622,7
454,624,15
454,638,23
455,447,2
455,448,1
456,458,7
456,469,2
457,458,5
457,469,2
458,454,8
458,459,20
458,469,17
458,470,16
458,618,2
459,435,2
459,454,2
459,469,4
459,470,8
459,618,4
460,435,2
460,454,1
461,616,5
461,620,22
462,621,6
462,634,10
463,453,2
463,484,2
463,486,12
463,487,1
463,492,12
463,641,13
464,422,2
464,425,2
464,435,6
464,453,50
464,465,13
464,474,1
464,484,2
464,486,1
464,487,2
464,488,2
464,492,1
464,496,2
465,422,2
465,425,2
465,435,5
465,438,9
465,453,36
465,469,3
465,470,9
465,471,13
465,472,4
465,474,42
465,484,8
465,486,17
465,487,8
465,488,2
465,492,10
465,496,2
465,618,3
465,641,6
466,422,7
466,424,2
466,425,3
466,426,2
466,435,6
466,453,115
466,484,19
466,486,10
466,487,14
466,488,5
466,492,11
466,496,2
467,507,1
467,411,1
468,496,3
468,497,2
469,451,22
469,470,3
469,618,17
469,620,12
469,621,13
470,435,11
470,451,20
470,469,7
470,618,18
470,620,19
470,621,11
471,453,6
471,484,1
471,486,1
471,487,6
471,492,2
472,471,10
472,484,1
472,641,5
473,425,3
473,426,3
473,433,5
473,435,9
473,437,5
473,440,16
473,441,23
473,444,2
473,445,6
473,451,9
473,453,56
473,454,4
473,459,5
473,462,2
473,471,26
473,472,4
473,474,17
473,484,3
473,486,4
473,487,1
473,489,4
473,491,7
473,492,4
473,499,5
473,618,8
473,620,2
473,621,20
473,641,7
474,422,2
474,425,2
474,432,8
474,435,15
474,438,22
474,440,45
474,441,18
474,444,10
474,451,4
474,453,39
474,465,2
474,469,73
474,470,6
474,473,1
474,475,2
474,477,2
474,484,2
474,486,1
474,487,2
474,488,2
474,489,2
474,490,9
474,492,1
474,496,2
474,498,17
474,519,1
474,571,1
474,616,4
474,618,15
474,620,14
474,621,4
474,638,12
475,436,7
475,440,2
475,441,1
475,461,3
475,474,10
475,476,7
475,484,4
475,486,1
475,487,2
475,489,7
475,490,4
475,620,13
475,638,4
476,435,3
476,441,2
476,484,4
476,485,20
476,487,1
476,489,22
476,491,1
476,620,20
477,474,2
477,475,9
477,484,1
477,489,2
477,492,1
477,620,11
478,479,2
478,493,1
478,497,5
479,488,1
480,435,1
480,454,3
480,459,1
480,460,1
481,447,12
481,448,5
482,494,12
482,496,2
482,497,4
485,441,2
485,484,9
485,620,6
486,484,1
486,487,1
487,484,3
490,435,2
490,441,3
490,476,54
490,484,16
490,489,4
490,616,2
490,618,6
491,441,7
491,484,4
491,489,21
491,618,5
491,621,21
492,486,1
493,488,1
493,497,1
494,497,4
495,494,10
496,497,1
498,435,6
498,441,7
498,451,4
498,478,2
498,479,7
498,488,4
498,496,12
498,497,7
498,616,3
498,618,8
498,620,52
499,441,3
499,451,3
499,488,7
499,493,7
499,497,3
499,498,5
499,618,5
499,621,26
499,644,2
501,500,1
502,389,6
502,503,9
502,504,24
502,509,25
502,510,22
502,545,4
502,551,4
502,556,15
503,507,11
504,389,4
504,403,1
504,507,15
504,411,3
504,420,2
504,421,9
504,484,32
504,500,2
504,501,4
504,503,61
504,505,120
504,506,11
504,507,73
504,508,2
504,509,27
504,510,11
504,518,2
504,536,4
504,544,2
504,545,10
504,551,9
504,555,2
504,556,25
504,561,2
504,581,5
504,588,2
504,640,3
506,484,1
506,500,28
506,505,1
506,507,12
506,508,6
506,640,1
509,556,5
509,640,3
510,453,4
510,509,50
510,512,4
510,515,10
510,524,25
510,556,33
510,568,2
510,570,3
510,571,4
510,572,1
510,587,14
510,645,2
511,524,1
511,539,8
511,568,13
511,571,3
512,511,6
512,516,6
512,519,1
512,522,6
512,524,2
512,539,4
512,548,6
512,564,2
512,565,2
512,568,44
512,571,6
513,453,4
513,578,4
513,579,6
514,453,2
514,532,4
515,524,7
516,524,1
516,568,22
516,571,3
517,453,5
517,515,5
517,524,12
517,532,4
517,556,11
517,568,3
517,570,2
517,571,2
517,587,4
518,453,2
518,517,2
518,556,10
518,560,3
519,571,1
520,453,4
520,510,1
520,515,4
520,521,4
520,524,8
520,556,36
520,568,2
520,570,3
520,571,1
520,587,13
521,524,1
521,568,33
521,571,1
522,524,12
522,539,4
522,568,7
522,642,13
523,492,1
523,550,9
523,553,13
523,571,1
523,587,1
523,641,2
525,453,5
525,526,1
525,527,1
526,453,16
526,484,16
526,486,11
526,487,12
526,525,13
526,528,25
527,453,13
527,528,1
527,575,1
528,453,46
528,484,41
528,486,36
528,487,32
528,527,30
528,575,4
528,577,1
529,566,3
530,529,18
530,566,2
530,577,18
530,641,3
531,453,11
531,525,5
531,527,15
531,528,12
531,529,7
531,566,43
531,567,25
531,576,4
531,577,32
531,641,5
532,453,2
533,453,4
533,524,22
533,532,6
533,556,25
533,568,12
533,570,1
533,571,1
533,587,8
533,645,2
534,484,6
534,487,9
535,532,4
590,453,2
590,527,6
590,592,3
590,593,4
591,453,6
591,515,3
591,524,34
591,601,16
591,556,27
591,568,23
591,570,3
591,571,3
591,587,15
591,645,2
592,524,4
593,453,3
593,527,3
593,592,2
593,600,1
594,590,2
594,595,2
594,596,2
594,599,2
594,600,1
594,601,2
595,453,2
595,527,6
595,592,3
595,593,4
596,453,2
596,527,6
596,592,3
596,593,4
597,453,2
597,527,4
597,592,3
597,600,1
598,453,2
598,527,6
598,592,2
598,600,1
599,453,2
599,527,6
599,592,3
599,593,4
600,453,2
600,592,2
601,453,8
601,515,2
601,524,10
601,592,4
601,600,6
601,556,11
601,568,4
601,570,2
601,571,2
601,587,2
601,645,2
536,453,3
536,484,12
536,509,2
536,510,5
536,534,6
536,537,2
536,547,6
536,556,4
536,581,3
536,641,6
536,645,2
537,453,5
537,484,16
537,534,4
537,536,3
538,422,5
538,435,5
538,542,5
540,538,2
540,542,5
541,566,10
541,641,3
542,422,3
542,435,2
542,453,1
542,532,3
542,540,2
542,543,3
542,556,4
542,566,4
542,570,8
542,574,2
542,584,5
542,587,1
543,422,3
543,425,2
543,435,5
543,453,12
543,484,2
543,524,1
543,532,4
543,539,4
543,556,6
543,568,2
543,570,1
543,574,1
543,583,4
543,584,1
543,585,4
543,586,2
543,587,6
543,618,2
544,453,7
544,515,2
544,524,10
544,556,10
544,568,4
544,570,4
544,571,3
544,587,5
544,645,2
545,453,8
545,463,3
545,484,19
545,492,4
545,509,2
545,510,4
545,515,9
545,523,2
545,524,43
545,556,15
545,568,2
545,570,2
545,571,3
545,573,2
545,581,2
545,587,2
545,645,2
546,422,5
546,425,3
546,435,3
546,484,7
546,524,2
546,530,4
546,532,6
546,539,4
546,541,3
546,556,11
546,566,13
546,569,14
546,570,4
546,571,1
546,574,2
546,584,10
546,586,6
546,587,9
546,641,8
547,453,3
547,484,10
547,509,2
547,510,4
547,534,6
547,556,8
547,581,3
547,645,2
548,524,5
548,568,2
549,484,2
549,530,7
549,532,6
549,539,3
549,541,4
549,546,5
549,556,2
549,566,10
549,569,8
549,574,3
549,584,7
549,586,5
549,587,6
549,641,9
602,453,3
602,484,4
602,492,5
602,524,15
602,556,2
602,568,2
602,570,2
602,571,5
602,609,2
602,610,5
602,611,19
602,612,6
602,613,6
602,614,4
602,587,3
550,486,7
550,492,3
551,453,8
551,484,17
551,492,4
551,523,2
551,524,48
551,556,14
551,568,2
551,570,2
551,571,3
551,573,2
551,581,2
551,587,2
551,645,2
552,550,14
552,641,3
553,492,1
553,524,6
553,550,29
553,552,3
553,568,4
553,571,4
553,587,3
553,641,4
554,453,7
554,484,12
554,486,6
554,487,5
554,532,2
555,453,3
555,484,14
555,487,5
555,509,2
555,510,4
555,556,8
555,581,3
555,645,2
556,453,2
556,509,9
556,510,17
556,570,5
556,571,2
556,587,5
557,514,4
557,556,1
557,559,2
558,389,3
558,507,3
558,411,3
558,488,2
559,453,3
559,532,1
559,539,1
559,543,2
559,556,2
559,570,1
560,453,6
560,484,9
560,486,6
560,487,7
560,532,1
561,453,3
561,484,26
561,487,5
561,509,2
561,510,4
561,556,8
561,581,3
561,645,2
562,453,2
562,532,5
562,535,2
563,422,3
563,425,2
563,435,3
563,484,3
563,524,1
563,532,3
563,539,1
563,543,2
563,556,2
563,569,15
563,574,1
563,584,1
563,586,1
563,587,4
564,524,7
564,568,21
565,524,7
565,568,18
567,566,19
567,577,2
568,524,1
568,539,4
568,571,3
569,422,3
569,425,2
569,435,3
569,453,1
569,484,3
569,524,1
569,532,3
569,539,1
569,556,2
569,574,1
569,584,1
569,586,1
569,587,4
570,422,2
570,435,2
570,484,3
570,524,2
570,532,10
570,539,3
570,542,10
570,556,13
570,569,1
570,571,4
570,574,4
570,584,2
570,586,2
570,587,5
571,484,3
571,519,1
571,570,4
571,643,3
572,571,9
573,492,2
573,550,48
573,553,13
573,568,1
573,571,2
573,587,1
573,641,7
574,577,23
575,453,2
575,527,2
575,566,6
575,567,2
575,576,1
575,577,1
576,453,2
576,567,1
577,576,4
578,453,2
578,532,1
578,579,1
580,453,4
580,578,1
580,579,8
580,609,5
580,610,6
603,453,2
603,556,1
603,606,5
603,609,2
603,610,41
604,453,2
604,556,1
604,603,1
604,606,4
604,609,2
604,610,9
604,641,11
605,453,3
605,556,11
605,609,9
605,610,9
605,645,2
606,453,3
606,556,10
606,603,2
606,604,2
606,608,3
606,609,21
606,610,3
606,645,2
607,453,3
607,556,14
607,609,17
607,610,37
607,645,2
608,453,3
608,556,10
608,609,23
608,610,27
608,641,15
608,645,2
609,453,2
609,556,2
609,570,2
609,610,1
609,613,2
609,587,2
611,524,7
611,568,6
611,571,6
611,610,11
611,587,4
612,453,3
612,484,10
612,556,4
612,609,1
612,610,1
612,614,2
612,645,2
613,453,6
613,484,4
613,515,9
613,524,43
613,556,8
613,568,2
613,570,1
613,571,3
613,609,6
613,611,2
613,587,1
614,484,4
614,486,6
614,492,6
614,610,1
581,453,8
581,484,11
581,486,2
581,515,9
581,524,43
581,556,10
581,568,2
581,570,2
581,571,3
581,582,2
581,587,2
581,645,2
582,486,14
582,524,6
582,539,3
582,568,6
582,571,8
582,581,3
582,587,4
583,539,1
583,541,2
583,566,11
583,584,3
583,641,7
584,566,2
585,453,2
585,529,5
585,531,7
585,566,4
585,574,2
585,583,6
585,584,1
585,586,2
585,641,4
586,566,1
586,577,2
586,584,2
587,453,3
587,524,1
587,556,1
587,568,1
588,453,3
588,484,4
588,534,1
588,547,6
588,556,1
588,581,2
588,589,2
589,453,3
589,484,12
589,534,4
616,620,5
617,621,1
618,617,3
618,620,6
618,621,4
618,622,1
618,623,6
619,450,3
619,454,2
619,616,5
619,617,3
619,618,4
619,620,2
619,621,1
619,623,6
619,629,3
619,630,1
619,635,5
621,620,2
622,624,5
623,622,1
626,622,3
626,623,5
626,624,1
626,629,3
626,635,3
626,637,2
628,619,2
628,620,8
629,622,7
629,623,5
629,625,2
630,622,2
630,623,1
631,615,3
631,618,5
631,619,2
631,620,1
631,621,1
631,632,30
631,633,2
631,634,2
631,636,1
632,631,3
633,620,1
633,632,5
633,634,1
634,621,3
634,632,14
635,622,2
635,623,5
635,625,3
636,622,2
636,623,1
637,622,8
637,623,5
637,624,2
638,618,5
638,620,12
638,621,13
642,568,16
657,390,2
657,398,2
657,404,32
657,416,11
657,417,11
657,407,14
657,507,50
657,409,3
657,411,18
657,413,6
657,799,2
658,389,5
658,403,1
658,405,2
658,507,13
658,409,6
658,411,11
658,412,1
658,413,4
658,467,5
658,800,3
659,390,2
659,403,1
659,507,5
659,411,6
659,422,5
659,423,5
659,453,5
659,454,6
659,484,7
659,486,8
659,492,6
659,618,2
659,631,3
659,800,2
660,391,7
660,405,6
660,800,2
661,393,3
661,507,71
661,411,73
661,413,2
661,800,2
662,394,2
662,400,4
662,403,2
662,422,13
662,423,25
662,453,5
662,454,12
662,484,5
662,486,4
662,504,5
662,542,3
662,543,4
662,556,3
662,570,1
662,631,7
662,800,3
663,396,3
663,507,3
663,411,5
663,413,2
663,800,2
664,400,6
664,403,1
664,507,3
664,411,3
664,412,1
664,800,2
665,389,5
665,415,16
665,507,4
665,411,4
665,800,2
666,405,14
666,406,3
666,507,8
666,411,6
666,800,4
667,406,24
667,507,8
667,411,13
667,413,12
667,799,3
667,800,2
668,507,20
668,800,3
646,389,3
646,403,2
646,507,5
646,411,4
669,415,3
669,422,13
669,423,28
669,424,4
669,453,7
669,454,6
669,631,4
669,800,2
670,421,86
670,800,2
671,415,5
671,422,61
671,423,116
671,424,7
671,454,13
671,484,5
671,542,7
671,543,5
671,556,3
671,570,7
671,581,5
671,631,8
671,800,2
672,429,14
672,800,2
673,389,2
673,412,2
673,419,1
673,422,7
673,423,113
673,424,11
673,454,8
673,469,3
673,571,3
673,618,3
674,616,2
717,412,3
717,422,15
717,423,13
717,453,13
717,454,14
717,543,16
717,618,4
717,619,2
717,631,9
717,789,19
717,799,3
717,800,4
675,412,2
675,422,9
675,423,13
675,453,24
675,454,111
675,457,2
675,484,11
675,486,2
675,618,35
675,631,37
675,800,2
676,389,1
676,403,1
676,422,10
676,423,24
676,453,4
676,454,9
676,484,2
676,618,6
676,619,1
676,789,2
676,805,2
676,799,2
676,800,2
677,412,6
677,422,16
677,423,13
677,432,4
677,440,2
677,441,5
677,453,20
677,454,28
677,484,26
677,542,18
677,543,25
677,570,7
677,581,15
677,618,11
677,619,6
677,800,2
678,412,2
678,422,5
678,423,9
678,431,2
678,453,4
678,454,6
678,789,4
678,800,2
679,432,46
679,433,21
679,618,15
679,619,6
679,620,162
679,621,15
679,798,4
679,805,2
679,800,3
680,389,2
680,403,2
680,422,17
680,423,31
680,434,12
680,453,12
680,454,43
680,457,4
680,484,4
680,631,7
680,692,1
680,789,14
680,800,2
681,412,15
681,422,5
681,423,7
681,447,19
681,448,4
681,451,19
681,453,28
681,454,71
681,470,7
681,484,6
681,542,11
681,543,21
681,556,3
681,570,6
681,581,5
681,618,30
681,631,13
681,800,2
682,368,2
682,389,1
682,403,3
682,422,2
682,453,3
682,454,11
682,469,14
682,473,8
682,474,8
682,486,5
682,487,6
682,492,3
682,571,1
682,618,11
682,619,6
682,800,3
683,389,5
683,403,1
683,415,3
683,507,18
683,409,3
683,411,5
683,412,1
683,413,4
683,422,30
683,423,45
683,424,9
683,440,4
683,441,2
683,453,8
683,454,33
683,467,2
683,469,4
683,474,11
683,484,10
683,486,12
683,488,4
683,492,15
683,631,7
683,673,8
683,800,4
684,422,4
684,440,9
684,441,15
684,621,4
684,631,6
684,673,2
684,800,4
685,412,3
685,422,25
685,423,3
685,424,39
685,425,1
685,426,4
685,427,2
685,430,9
685,441,4
685,444,37
685,454,12
685,571,1
685,615,2
685,619,3
685,631,4
685,673,48
685,805,2
685,800,4
686,412,2
686,422,13
686,423,19
686,446,12
686,453,9
686,454,7
686,484,4
686,486,4
686,487,8
686,492,3
686,631,3
686,789,3
686,800,2
687,412,3
687,422,6
687,423,13
687,432,4
687,440,2
687,441,5
687,453,5
687,454,11
687,484,3
687,542,1
687,543,1
687,581,1
687,618,9
687,620,5
687,621,4
687,631,3
687,800,2
688,620,18
688,674,4
688,800,2
689,389,2
689,403,2
689,415,7
689,422,17
689,423,39
689,452,75
689,453,1
689,454,1
689,484,7
689,618,5
689,619,2
689,631,5
689,800,2
690,415,13
690,412,24
690,419,2
690,422,44
690,423,153
690,443,4
690,449,3
690,453,259
690,454,124
690,455,1
690,470,3
690,483,1
690,484,44
690,486,12
690,487,11
690,492,4
690,494,2
690,495,1
690,542,3
690,543,5
690,570,1
690,581,3
690,615,3
690,618,34
690,619,3
690,624,3
690,631,14
690,789,34
690,805,4
690,800,3
691,415,5
691,412,5
691,422,7
691,423,11
691,438,4
691,446,4
691,453,182
691,454,38
691,457,2
691,464,14
691,465,19
691,466,25
691,474,30
691,484,6
691,542,4
691,543,4
691,570,1
691,581,3
691,618,25
691,631,45
691,690,6
692,389,6
692,415,17
692,417,3
692,507,4
692,409,6
692,411,8
692,412,60
692,413,5
692,419,2
692,422,178
692,423,406
692,434,27
692,435,1
692,449,2
692,451,4
692,453,190
692,454,462
692,455,1
692,457,8
692,459,3
692,460,4
692,469,1
692,470,29
692,480,1
692,484,67
692,486,9
692,492,2
692,542,21
692,543,48
692,570,14
692,581,29
692,615,4
692,618,31
692,619,2
692,620,9
692,621,7
692,622,2
692,623,3
692,631,77
692,636,2
692,789,118
692,805,7
692,800,2
693,412,15
693,422,41
693,423,115
693,449,4
693,453,27
693,454,112
693,455,2
693,470,6
693,484,34
693,542,4
693,543,9
693,570,2
693,581,5
693,618,11
693,631,19
693,789,26
693,800,2
694,415,2
694,454,6
694,800,4
695,412,10
695,422,5
695,423,7
695,453,4
695,454,79
695,457,19
695,484,2
695,618,8
695,631,13
695,805,2
695,800,2
696,415,5
696,422,8
696,423,9
696,453,5
696,454,13
696,618,8
696,789,7
696,800,2
697,389,2
697,403,2
697,422,7
697,423,6
697,424,5
697,425,2
697,426,3
697,453,4
697,454,6
697,618,4
697,631,3
697,800,2
698,412,3
698,422,9
698,423,13
698,453,4
698,454,12
698,474,4
698,484,8
698,486,6
698,492,3
698,542,4
698,543,3
698,551,6
698,570,3
698,618,3
698,620,12
698,631,5
698,800,2
699,389,2
699,399,3
699,507,4
699,409,4
699,411,4
699,422,5
699,423,7
699,453,3
699,454,7
699,467,2
699,475,3
699,477,2
699,484,5
699,486,5
699,492,3
699,620,12
699,631,4
699,800,2
700,453,2
700,464,2
700,470,3
700,474,4
700,618,1
700,701,11
701,415,3
701,422,13
701,423,7
701,453,26
701,454,5
701,464,12
701,465,1
701,469,2
701,470,9
701,474,2
701,488,1
701,618,2
701,631,10
701,673,11
701,708,1
701,800,4
702,389,2
702,415,3
702,419,1
702,422,6
702,423,8
702,453,9
702,454,30
702,519,2
702,571,5
702,618,13
702,619,4
702,800,4
703,415,17
703,422,66
703,423,115
703,428,7
703,453,28
703,454,40
703,466,48
703,484,20
703,509,3
703,510,6
703,542,10
703,543,5
703,556,2
703,570,7
703,581,21
703,618,18
703,631,3
703,789,7
703,800,3
704,403,3
704,422,12
704,423,27
704,453,6
704,454,10
704,466,7
704,484,16
704,486,65
704,487,50
704,631,7
704,800,6
705,389,2
705,507,10
705,409,4
705,411,6
705,412,2
705,413,3
705,422,25
705,423,63
705,440,6
705,441,7
705,453,17
705,454,28
705,467,26
705,474,5
705,484,10
705,486,15
705,487,5
705,492,30
705,618,5
705,619,2
705,631,7
705,800,2
706,468,19
706,497,8
706,800,4
707,422,9
707,453,5
707,469,4
707,473,7
707,474,9
707,484,2
707,486,2
707,488,3
707,493,1
707,618,4
707,631,7
707,673,14
707,708,1
707,800,4
708,412,1
708,422,11
708,424,13
708,453,23
708,469,3
708,474,22
708,484,9
708,486,7
708,487,3
708,488,4
708,492,2
708,519,1
708,571,3
708,631,4
708,673,30
708,789,3
708,800,4
709,412,2
709,422,12
709,423,7
709,453,9
709,454,7
709,469,2
709,474,13
709,475,17
709,484,17
709,486,80
709,571,1
709,618,4
709,631,5
709,673,7
709,789,5
709,800,4
710,412,4
710,422,5
710,423,7
710,453,8
710,454,15
710,476,9
710,484,11
710,487,15
710,618,3
710,631,3
710,789,3
710,800,2
711,389,1
711,403,1
711,422,5
711,423,12
711,434,8
711,454,10
711,460,1
711,484,2
711,543,3
711,618,10
711,619,3
711,789,6
711,805,1
711,799,1
711,800,2
712,484,15
712,800,2
713,389,3
713,507,5
713,411,3
713,422,5
713,423,7
713,453,4
713,454,8
713,484,2
713,486,4
713,487,1
713,618,3
713,631,3
713,800,2
714,389,2
714,507,10
714,411,3
714,422,5
714,423,16
714,441,5
714,443,7
714,451,3
714,453,8
714,454,8
714,469,1
714,482,7
714,488,7
714,493,9
714,494,22
714,495,4
714,496,1
714,497,14
714,498,32
714,631,2
714,789,4
714,800,4
715,389,2
715,403,2
715,422,11
715,423,25
715,434,8
715,453,5
715,454,20
715,460,1
715,484,2
715,618,5
715,619,2
715,789,3
715,805,2
715,799,3
715,800,2
716,414,3
716,800,2
647,368,2
647,403,2
647,454,9
718,389,4
718,398,5
718,417,5
718,507,29
718,409,8
718,411,10
718,503,5
718,504,41
718,556,36
718,800,2
719,389,3
719,415,43
719,507,2
719,411,3
719,422,5
719,423,7
719,454,6
719,502,36
719,503,6
719,504,32
719,509,39
719,510,1
719,542,3
719,543,5
719,556,50
719,570,1
719,618,2
719,631,3
719,720,4
719,800,2
720,389,13
720,394,2
720,399,2
720,403,4
720,415,10
720,405,4
720,406,3
720,507,11
720,409,4
720,411,4
720,412,13
720,420,5
720,421,17
720,422,6
720,423,13
720,454,7
720,484,16
720,503,17
720,504,108
720,509,2
720,510,19
720,518,1
720,536,11
720,542,2
720,543,5
720,544,6
720,551,5
720,555,2
720,556,29
720,561,1
720,570,1
720,581,25
720,588,1
720,631,4
720,800,4
721,403,2
721,422,7
721,423,19
721,454,7
721,631,4
721,800,3
722,453,2
722,514,11
722,532,2
723,453,2
723,524,10
723,532,5
723,539,4
723,542,36
723,543,5
723,556,24
723,566,2
723,570,22
723,574,3
723,584,8
723,586,1
723,618,2
723,725,3
777,389,2
777,415,3
777,422,8
777,423,25
777,424,6
777,454,7
777,618,2
777,631,3
777,800,7
778,422,1
778,435,6
778,453,1
778,504,5
778,524,29
778,591,15
778,594,24
778,601,4
778,543,7
778,556,14
778,566,2
778,570,6
778,584,10
778,777,34
778,725,2
779,422,2
779,435,16
779,453,1
779,592,5
779,594,51
779,600,5
779,601,5
779,542,11
779,543,18
779,556,3
779,566,5
779,570,6
779,584,4
779,777,39
779,725,2
780,422,2
780,435,10
780,453,1
780,592,7
780,597,10
780,598,10
780,600,11
780,601,19
780,542,12
780,543,20
780,556,3
780,566,5
780,570,7
780,584,4
780,777,35
780,725,2
724,453,2
724,532,1
781,389,1
781,399,2
781,507,5
781,409,3
781,411,4
781,419,1
781,422,7
781,423,20
781,454,8
781,467,7
781,484,11
781,509,10
781,510,5
781,519,1
781,543,5
781,602,15
781,566,9
781,570,5
781,610,4
781,612,2
781,614,3
781,584,18
781,631,4
781,723,3
781,799,5
781,800,4
725,510,1
725,539,2
725,543,8
725,556,26
725,568,17
725,570,5
725,587,7
725,723,1
726,453,2
726,532,3
726,535,2
726,562,6
726,722,3
727,453,6
727,484,6
727,486,6
727,487,7
727,566,6
727,567,2
727,575,2
727,576,2
727,577,1
728,453,3
728,532,1
782,403,2
782,422,5
782,423,7
782,454,6
782,484,105
782,509,8
782,510,10
782,524,15
782,543,3
782,551,10
782,556,4
782,570,15
782,605,9
782,606,54
782,607,15
782,608,21
782,609,25
782,612,128
782,581,12
782,631,4
782,723,1
782,725,3
782,799,2
782,800,3
783,412,3
783,422,5
783,423,7
783,454,6
783,484,7
783,504,4
783,524,4
783,543,14
783,568,6
783,606,21
783,609,3
783,610,25
783,612,6
783,587,5
783,631,4
783,723,2
783,800,4
784,412,1
784,422,1
784,423,1
784,453,1
784,454,1
784,484,1
784,503,1
784,504,1
784,556,8
784,609,32
784,631,1
784,744,73
785,556,2
785,723,2
785,784,1
785,744,2
786,412,2
786,422,5
786,423,7
786,454,6
786,484,3
786,543,6
786,556,2
786,606,7
786,608,3
786,609,7
786,610,32
786,612,3
786,631,4
786,723,2
786,800,3
787,415,3
787,422,8
787,423,13
787,454,7
787,484,3
787,509,4
787,510,5
787,524,1
787,543,5
787,556,2
787,566,2
787,570,5
787,612,2
787,584,5
787,618,3
787,631,3
787,725,1
787,800,5
788,415,3
788,453,5
788,454,5
788,484,7
788,509,4
788,510,5
788,543,3
788,556,3
788,612,6
788,787,15
729,412,3
729,422,5
729,423,7
729,454,6
729,484,3
729,503,2
729,504,4
729,509,7
729,510,13
729,519,1
729,542,11
729,543,3
729,556,5
729,570,5
729,574,2
729,581,2
729,631,4
729,723,2
729,725,1
729,800,3
730,412,2
730,422,10
730,423,19
730,453,3
730,454,7
730,484,129
730,509,132
730,510,121
730,542,7
730,543,3
730,556,4
730,566,4
730,570,3
730,581,128
730,584,10
730,618,2
730,631,3
730,723,6
730,725,3
730,729,5
730,800,3
731,415,3
731,422,6
731,423,13
731,454,6
731,484,9
731,509,77
731,510,53
731,542,1
731,543,4
731,556,2
731,570,1
731,581,13
731,631,4
731,725,1
731,800,4
732,412,2
732,422,5
732,423,7
732,453,3
732,454,6
732,484,3
732,509,2
732,510,14
732,555,5
732,556,3
732,631,4
732,800,3
733,484,17
733,509,20
733,510,23
733,581,16
733,800,2
734,412,2
734,422,5
734,423,7
734,454,6
734,484,7
734,509,8
734,510,10
734,542,2
734,543,3
734,570,1
734,581,6
734,631,4
734,800,3
735,415,3
735,453,4
735,454,5
735,514,5
735,618,2
735,631,3
735,724,5
735,800,2
736,504,19
736,509,21
736,510,34
736,517,6
736,519,2
736,520,33
736,533,6
736,544,2
736,545,5
736,556,21
736,570,1
736,609,10
736,744,99
737,412,1
737,422,1
737,423,1
737,453,1
737,454,1
737,484,1
737,503,1
737,504,1
737,556,1
737,631,1
737,723,1
737,736,1
737,744,2
738,412,2
738,422,7
738,423,19
738,453,13
738,454,7
738,484,7
738,509,12
738,510,14
738,518,2
738,539,1
738,542,55
738,543,15
738,556,9
738,561,2
738,570,40
738,581,2
738,618,2
738,631,3
738,721,115
738,725,3
738,800,1
739,415,3
739,421,4
739,422,7
739,423,19
739,453,2
739,454,7
739,484,7
739,509,8
739,510,10
739,532,2
739,542,9
739,543,4
739,546,4
739,556,3
739,569,2
739,570,8
739,574,11
739,577,12
739,581,6
739,584,1
739,586,1
739,618,4
739,631,4
740,403,3
740,421,31
740,422,11
740,423,25
740,454,13
740,484,9
740,542,14
740,543,6
740,556,4
740,560,12
740,570,12
740,581,8
740,631,7
740,800,3
741,412,3
741,421,4
741,422,9
741,423,15
741,454,11
741,504,5
741,542,4
741,543,5
741,556,2
741,570,1
741,574,4
741,577,4
741,618,2
741,631,3
742,412,2
742,422,41
742,423,85
742,453,5
742,454,10
742,484,3
742,509,16
742,510,20
742,519,1
742,520,72
742,542,59
742,543,3
742,556,14
742,568,6
742,570,9
742,571,1
742,581,2
742,587,4
742,618,2
742,631,3
742,725,12
742,800,3
743,403,2
743,422,18
743,423,12
743,424,3
743,454,10
743,484,3
743,539,1
743,543,2
743,570,1
743,581,2
743,631,4
743,800,3
744,412,3
744,422,5
744,423,7
744,453,3
744,454,6
744,484,12
744,503,2
744,504,5
744,509,8
744,510,10
744,532,1
744,543,4
744,556,9
744,605,3
744,606,8
744,607,3
744,608,8
744,609,16
744,612,3
744,581,4
744,631,4
744,723,1
744,800,4
745,412,2
745,422,7
745,423,19
745,453,3
745,454,6
745,525,3
745,526,1
745,631,4
745,799,2
745,800,4
746,412,2
746,422,18
746,423,49
746,453,3
746,454,10
746,484,21
746,509,9
746,510,15
746,532,6
746,533,16
746,542,20
746,543,4
746,544,4
746,556,10
746,561,3
746,570,9
746,574,2
746,581,17
746,631,5
746,725,6
746,728,4
746,800,2
747,412,3
747,422,30
747,423,7
747,454,13
747,484,79
747,536,116
747,542,64
747,543,8
747,570,37
747,631,9
747,800,2
748,415,3
748,422,5
748,423,7
748,453,1
748,454,7
748,484,3
748,509,8
748,510,9
748,542,5
748,543,5
748,544,14
748,556,3
748,570,4
748,581,2
748,631,4
748,800,2
749,403,3
749,415,3
749,422,10
749,423,19
749,453,5
749,454,19
749,484,39
749,487,8
749,509,8
749,510,10
749,542,9
749,543,13
749,545,24
749,556,3
749,570,6
749,581,4
749,631,11
749,800,3
750,394,2
750,415,11
750,422,38
750,423,73
750,430,6
750,453,5
750,454,27
750,484,10
750,504,7
750,519,1
750,542,34
750,543,30
750,546,13
750,556,5
750,570,29
750,571,1
750,574,1
750,581,6
750,584,3
750,618,6
750,631,15
750,789,11
750,800,3
751,415,9
751,422,11
751,423,7
751,454,17
751,503,9
751,504,5
751,542,11
751,543,6
751,546,2
751,556,1
751,569,2
751,570,4
751,618,4
751,631,7
751,800,3
752,403,2
752,422,4
752,423,8
752,424,1
752,453,10
752,454,6
752,488,6
752,631,4
752,799,3
752,800,4
753,403,3
753,422,5
753,423,7
753,454,7
753,504,5
753,542,2
753,543,2
753,556,1
753,570,2
753,631,4
753,800,3
754,546,1
754,549,2
754,570,1
754,750,2
755,403,2
755,422,21
755,423,31
755,453,4
755,454,11
755,484,12
755,487,5
755,542,3
755,543,3
755,545,8
755,570,2
755,631,4
755,800,3
756,389,2
756,405,3
756,411,1
756,412,3
756,413,2
756,422,46
756,423,96
756,424,1
756,454,36
756,484,133
756,509,12
756,510,13
756,542,61
756,543,17
756,551,126
756,570,35
756,581,5
756,618,2
756,631,14
756,725,31
756,800,4
757,389,7
757,405,1
757,406,6
757,507,9
757,411,7
757,412,5
757,422,5
757,423,7
757,454,7
757,484,50
757,504,12
757,542,19
757,543,4
757,545,3
757,551,51
757,570,17
757,631,4
757,800,2
758,412,2
758,422,5
758,423,7
758,454,6
758,484,19
758,517,18
758,542,10
758,543,3
758,554,19
758,556,1
758,570,9
758,631,4
758,800,2
759,412,2
759,422,5
759,423,7
759,454,6
759,484,5
759,542,3
759,543,3
759,555,5
759,570,2
759,631,4
759,800,2
760,412,2
760,558,12
760,800,3
761,453,7
761,484,5
761,542,36
761,543,6
761,556,2
761,560,68
761,570,34
761,581,4
761,721,92
762,412,3
762,422,6
762,423,13
762,454,11
762,484,49
762,542,8
762,543,20
762,556,7
762,561,30
762,570,6
762,631,4
762,800,3
763,403,2
763,422,16
763,423,37
763,454,8
763,484,23
763,532,1
763,542,3
763,543,2
763,546,2
763,556,1
763,557,8
763,563,3
763,569,5
763,570,2
763,581,22
763,631,4
763,722,5
763,726,13
763,800,3
764,403,2
764,422,13
764,423,12
764,425,1
764,428,2
764,430,2
764,454,7
764,484,19
764,509,2
764,510,4
764,517,2
764,542,9
764,543,2
764,546,6
764,551,5
764,556,1
764,557,6
764,563,3
764,569,9
764,570,7
764,581,14
764,631,4
764,800,3
765,412,3
765,422,5
765,423,7
765,453,2
765,454,11
765,484,8
765,509,10
765,510,24
765,517,2
765,532,1
765,539,1
765,543,7
765,551,5
765,556,3
765,570,5
765,581,4
765,618,2
765,631,4
765,800,2
766,412,2
766,422,7
766,423,7
766,453,9
766,454,7
766,484,3
766,542,12
766,543,6
766,556,2
766,570,1
766,581,2
766,618,2
766,631,3
767,403,2
767,422,4
767,423,6
767,424,1
767,453,8
767,454,9
767,484,3
767,539,1
767,543,2
767,570,1
767,581,2
767,631,4
767,800,3
768,403,2
768,422,9
768,423,13
768,454,9
768,484,10
768,509,4
768,510,5
768,539,4
768,543,3
768,551,6
768,570,7
768,571,1
768,581,6
768,631,4
768,800,3
769,504,36
769,509,26
769,510,29
769,517,6
769,520,45
769,533,10
769,544,4
769,545,26
769,556,8
769,744,116
770,412,1
770,422,1
770,423,1
770,453,1
770,454,1
770,484,1
770,503,1
770,504,1
770,556,1
770,631,1
770,723,1
770,744,2
770,769,1
771,403,2
771,422,20
771,423,55
771,453,3
771,454,7
771,484,13
771,532,2
771,542,10
771,543,2
771,546,19
771,549,4
771,556,8
771,563,3
771,566,3
771,569,14
771,570,96
771,574,94
771,575,2
771,577,181
771,581,12
771,584,5
771,631,4
771,727,6
772,403,2
772,422,5
772,423,7
772,453,4
772,454,6
772,484,3
772,579,8
772,580,4
772,612,4
772,618,2
772,631,3
772,799,4
772,800,3
773,412,2
773,422,5
773,423,7
773,453,12
773,454,6
773,484,16
773,524,7
773,539,1
773,543,4
773,556,5
773,570,5
773,581,14
773,582,26
773,587,4
773,631,4
773,800,4
774,403,5
774,422,36
774,423,88
774,443,4
774,453,11
774,454,24
774,482,4
774,484,14
774,486,5
774,487,3
774,488,18
774,493,12
774,494,7
774,495,2
774,497,4
774,542,30
774,543,22
774,556,6
774,570,7
774,571,4
774,581,12
774,618,2
774,631,6
774,799,4
774,800,4
775,412,2
775,422,6
775,423,8
775,424,4
775,425,1
775,426,4
775,453,7
775,454,7
775,618,4
775,631,3
775,800,2
776,403,2
776,412,3
776,422,9
776,423,13
776,454,12
776,484,41
776,504,9
776,509,6
776,510,9
776,536,4
776,542,12
776,543,15
776,556,18
776,570,5
776,581,3
776,588,41
776,631,11
776,800,2
648,389,1
648,403,1
648,422,6
648,423,6
648,454,5
648,504,5
648,542,5
648,543,2
648,556,2
648,570,3
648,618,1
648,631,2
649,389,1
649,403,1
649,422,7
649,423,12
649,454,5
649,504,7
649,542,5
649,543,4
649,556,3
649,570,5
649,618,1
649,631,2
798,619,7
798,620,3
789,618,1
789,620,1
789,621,1
789,631,12
789,632,13
789,790,2
789,791,2
790,620,1
790,632,1
790,633,3
790,789,6
791,631,1
791,632,1
791,634,6
791,789,16
792,412,2
792,422,6
792,423,13
792,453,9
792,454,7
792,484,12
792,542,5
792,543,5
792,570,3
792,581,7
792,616,15
792,618,13
792,619,1
792,620,3
792,621,1
792,630,1
792,805,2
792,800,2
793,632,1
793,633,7
793,634,13
793,800,2
794,622,4
794,800,2
795,412,21
795,422,5
795,423,7
795,453,1
795,454,84
795,484,3
795,542,2
795,543,5
795,556,2
795,570,1
795,581,3
795,618,34
795,619,16
795,622,12
795,623,8
795,625,1
795,629,14
795,630,1
795,631,6
795,636,2
795,800,2
796,800,2
797,415,4
797,422,5
797,423,7
797,454,6
797,543,5
797,619,3
797,800,3
650,618,7
650,619,3
650,620,6
650,621,5
650,631,3
650,805,2
651,389,2
651,415,3
651,422,7
651,423,7
651,454,7
651,503,2
651,504,5
651,542,5
651,543,5
651,556,2
651,570,1
651,618,3
651,631,3
651,800,2
652,412,2
652,422,9
652,423,13
652,454,7
652,484,3
652,538,6
652,540,10
652,542,3
652,543,4
652,570,1
652,581,3
652,631,4
652,800,2
653,389,1
653,403,1
653,422,6
653,423,6
653,454,6
653,504,5
653,542,5
653,543,2
653,556,2
653,570,3
653,618,1
653,631,2
653,800,2
654,389,1
654,403,1
654,422,9
654,423,12
654,454,6
654,504,7
654,542,9
654,543,4
654,556,3
654,570,5
654,618,1
654,631,2
654,800,2
655,415,3
655,422,9
655,423,17
655,447,3
655,454,8
655,455,2
655,481,7
655,618,8
655,619,2
655,620,4
655,692,2
655,789,4
655,805,2
655,800,2
656,389,1
656,403,1
656,422,6
656,423,12
656,453,1
656,454,11
656,504,4
656,542,4
656,543,10
656,570,3
656,619,1
656,799,2
805,434,4
805,454,3
805,460,2
800,434,3
801,618,3
801,631,5
801,638,76
801,800,3
802,641,30
802,800,2
803,643,8
803,800,2
804,644,3
804,800,2
